4 0.5619791666666667 0.5263888888888889 0.0375 0.06018518518518518
5 0.30520833333333336 0.3662037037037037 0.04791666666666667 0.05462962962962963
5 0.28671875 0.31157407407407406 0.0484375 0.058333333333333334
5 0.34869791666666666 0.33240740740740743 0.043229166666666666 0.05
5 0.5380208333333333 0.3101851851851852 0.0640625 0.08333333333333333
5 0.35494791666666664 0.25416666666666665 0.04635416666666667 0.05277777777777778
5 0.42213541666666665 0.30972222222222223 0.033854166666666664 0.05648148148148148
5 0.4015625 0.2162037037037037 0.042708333333333334 0.04722222222222222
5 0.4786458333333333 0.2023148148148148 0.029166666666666667 0.06574074074074074
7 0.5598958333333334 0.7657407407407407 0.022916666666666665 0.024074074074074074
1 0.8091145833333333 0.8060185185185185 0.0296875 0.023148148148148147
1 0.49895833333333334 0.4532407407407407 0.022916666666666665 0.021296296296296296
0 0.7942708333333334 0.6148148148148148 0.01875 0.016666666666666666
0 0.7916666666666666 0.5532407407407407 0.017708333333333333 0.019444444444444445
0 0.7739583333333333 0.1527777777777778 0.029166666666666667 0.03148148148148148
0 0.72109375 0.1259259259259259 0.0140625 0.020370370370370372
0 0.90546875 0.4134259259259259 0.016145833333333335 0.019444444444444445
0 0.9682291666666667 0.5805555555555556 0.016666666666666666 0.016666666666666666
0 0.73359375 0.36944444444444446 0.013020833333333334 0.014814814814814815
0 0.72421875 0.3939814814814815 0.0109375 0.013888888888888888
0 0.8065104166666667 0.4824074074074074 0.011979166666666667 0.012962962962962963
0 0.8552083333333333 0.5236111111111111 0.011458333333333333 0.01574074074074074
0 0.7450520833333333 0.33194444444444443 0.011979166666666667 0.010185185185185186
0 0.80390625 0.13842592592592592 0.015104166666666667 0.023148148148148147
0 0.7942708333333334 0.4101851851851852 0.008333333333333333 0.011111111111111112
0 0.7213541666666666 0.5768518518518518 0.011458333333333333 0.014814814814814815
0 0.5854166666666667 0.1361111111111111 0.03125 0.025925925925925925