3 0.19166666666666668 0.1638888888888889 0.11458333333333333 0.09444444444444444
9 0.24296875 0.5643518518518519 0.14635416666666667 0.14907407407407408
9 0.253125 0.3449074074074074 0.20833333333333334 0.2638888888888889
0 0.7432291666666667 0.5356481481481481 0.09166666666666666 0.09166666666666666
0 0.98828125 0.2902777777777778 0.022395833333333334 0.062037037037037036
5 0.6807291666666667 0.24027777777777778 0.06145833333333333 0.06759259259259259
5 0.67734375 0.1736111111111111 0.0546875 0.05648148148148148
5 0.37864583333333335 0.04351851851851852 0.057291666666666664 0.08148148148148149
5 0.3416666666666667 0.19074074074074074 0.05520833333333333 0.10740740740740741
5 0.41041666666666665 0.22685185185185186 0.03229166666666667 0.09074074074074075
5 0.465625 0.21296296296296297 0.029166666666666667 0.10555555555555556
5 0.4875 0.23657407407407408 0.01875 0.09537037037037037
5 0.5505208333333333 0.18101851851851852 0.05 0.06944444444444445
5 0.5924479166666666 0.17222222222222222 0.022395833333333334 0.053703703703703705
5 0.5760416666666667 0.12175925925925926 0.03854166666666667 0.049074074074074076
5 0.559375 0.3074074074074074 0.057291666666666664 0.05
5 0.5513020833333333 0.27361111111111114 0.0203125 0.07685185185185185
5 0.5838541666666667 0.2361111111111111 0.059375 0.05