2 0.4244791666666667 0.275 0.12708333333333333 0.11296296296296296
2 0.46484375 0.7212962962962963 0.13177083333333334 0.09814814814814815
2 0.3885416666666667 0.8643518518518518 0.109375 0.11944444444444445
2 0.4244791666666667 0.9231481481481482 0.07395833333333333 0.07777777777777778
2 0.7036458333333333 0.8787037037037037 0.08125 0.10740740740740741
2 0.8421875 0.725925925925926 0.09583333333333334 0.10185185185185185
0 0.6645833333333333 0.4337962962962963 0.041666666666666664 0.06018518518518518
0 0.6513020833333333 0.6064814814814815 0.0453125 0.05
0 0.6151041666666667 0.6847222222222222 0.03125 0.025
0 0.6971354166666667 0.8300925925925926 0.034895833333333334 0.058333333333333334
0 0.97734375 0.6921296296296297 0.0390625 0.03425925925925926
0 0.93046875 0.6796296296296296 0.03697916666666667 0.037037037037037035
0 0.9778645833333334 0.512962962962963 0.024479166666666666 0.027777777777777776
0 0.04635416666666667 0.5166666666666667 0.08020833333333334 0.05925925925925926
0 0.7934895833333333 0.6236111111111111 0.016145833333333335 0.030555555555555555
0 0.8333333333333334 0.5296296296296297 0.020833333333333332 0.040740740740740744
2 0.5416666666666666 0.3101851851851852 0.0625 0.26666666666666666
2 0.5458333333333333 0.9731481481481481 0.065625 0.05185185185185185
2 0.528125 0.8763888888888889 0.04583333333333333 0.22870370370370371
2 0.8927083333333333 0.05462962962962963 0.09479166666666666 0.10925925925925926
0 0.8239583333333333 0.9634259259259259 0.0375 0.023148148148148147
0 0.3684895833333333 0.5287037037037037 0.025520833333333333 0.02962962962962963
2 0.96796875 0.549537037037037 0.06302083333333333 0.1398148148148148
2 0.92109375 0.4787037037037037 0.07447916666666667 0.10925925925925926
0 0.9171875 0.5555555555555556 0.014583333333333334 0.025925925925925925
0 0.9755208333333333 0.6046296296296296 0.01875 0.024074074074074074