0 0.07526041666666666 0.7217592592592592 0.024479166666666666 0.05462962962962963
0 0.46119791666666665 0.38981481481481484 0.04114583333333333 0.05
0 0.6213541666666667 0.8953703703703704 0.08958333333333333 0.07777777777777778
0 0.73828125 0.9004629629629629 0.0953125 0.058333333333333334
0 0.79375 0.8398148148148148 0.03125 0.053703703703703705
0 0.84453125 0.48148148148148145 0.0484375 0.12777777777777777
3 0.7671875 0.23148148148148148 0.0375 0.07222222222222222
5 0.72421875 0.2152777777777778 0.0515625 0.125
5 0.6385416666666667 0.03194444444444444 0.04791666666666667 0.06388888888888888
5 0.70625 0.1476851851851852 0.03958333333333333 0.08796296296296297
5 0.7390625 0.14953703703703702 0.030208333333333334 0.05462962962962963
5 0.7018229166666666 0.027314814814814816 0.025520833333333333 0.05462962962962963
0 0.53203125 0.03148148148148148 0.0390625 0.06296296296296296
0 0.86640625 0.1398148148148148 0.021354166666666667 0.020370370370370372
0 0.328125 0.7546296296296297 0.023958333333333335 0.03333333333333333