0 0.50859375 0.006481481481481481 0.013020833333333334 0.012962962962962963
0 0.4192708333333333 0.018518518518518517 0.017708333333333333 0.020370370370370372
0 0.19453125 0.013888888888888888 0.011979166666666667 0.012962962962962963
0 0.18697916666666667 0.13240740740740742 0.010416666666666666 0.012962962962962963
0 0.165625 0.14027777777777778 0.011458333333333333 0.013888888888888888
0 0.17447916666666666 0.1625 0.013541666666666667 0.013888888888888888
0 0.11484375 0.19212962962962962 0.013020833333333334 0.010185185185185186
0 0.18645833333333334 0.22453703703703703 0.009375 0.01574074074074074
4 0.3106770833333333 0.19490740740740742 0.034895833333333334 0.05648148148148148
5 0.3815104166666667 0.18101851851851852 0.06302083333333333 0.05092592592592592
5 0.44036458333333334 0.09675925925925925 0.0515625 0.04259259259259259
5 0.5104166666666666 0.2324074074074074 0.053125 0.06296296296296296
5 0.5078125 0.27870370370370373 0.04479166666666667 0.03888888888888889
5 0.3692708333333333 0.3384259259259259 0.05 0.06944444444444445
1 0.04791666666666667 0.7782407407407408 0.04479166666666667 0.028703703703703703
1 0.10026041666666667 0.6652777777777777 0.021354166666666667 0.013888888888888888
1 0.15104166666666666 0.7402777777777778 0.015625 0.023148148148148147
1 0.14036458333333332 0.6981481481481482 0.013020833333333334 0.018518518518518517
5 0.40703125 0.38935185185185184 0.019791666666666666 0.08425925925925926