1 0.3294270833333333 0.549074074074074 0.018229166666666668 0.040740740740740744
1 0.22552083333333334 0.5217592592592593 0.026041666666666668 0.01574074074074074
1 0.17083333333333334 0.325 0.016666666666666666 0.046296296296296294
1 0.16015625 0.586574074074074 0.019270833333333334 0.01574074074074074
1 0.19609375 0.7060185185185185 0.024479166666666666 0.019444444444444445
1 0.0921875 0.6680555555555555 0.014583333333333334 0.06018518518518518
1 0.1140625 0.7037037037037037 0.01875 0.024074074074074074
1 0.15677083333333333 0.7606481481481482 0.015625 0.013888888888888888
1 0.10052083333333334 0.9041666666666667 0.023958333333333335 0.05277777777777778
1 0.047135416666666666 0.5157407407407407 0.022395833333333334 0.016666666666666666
1 0.07916666666666666 0.4166666666666667 0.025 0.016666666666666666
1 0.054947916666666666 0.5402777777777777 0.0234375 0.03425925925925926
1 0.0049479166666666664 0.45 0.009895833333333333 0.03148148148148148
1 0.9552083333333333 0.8319444444444445 0.026041666666666668 0.026851851851851852
1 0.91328125 0.736574074074074 0.0109375 0.025
3 0.6854166666666667 0.8476851851851852 0.04791666666666667 0.05277777777777778
11 0.7877604166666666 0.524074074074074 0.0421875 0.05555555555555555
5 0.7315104166666667 0.39861111111111114 0.0484375 0.04351851851851852