0 0.74609375 0.4847222222222222 0.09322916666666667 0.075
0 0.625 0.08564814814814815 0.115625 0.08981481481481482
0 0.80859375 0.19166666666666668 0.1171875 0.1
0 0.9138020833333333 0.1476851851851852 0.0734375 0.075
0 0.95 0.075 0.09895833333333333 0.15
0 0.33541666666666664 0.2518518518518518 0.036458333333333336 0.15185185185185185
0 0.8294270833333334 0.6560185185185186 0.0765625 0.0787037037037037
7 0.91796875 0.7222222222222222 0.09427083333333333 0.10555555555555556
0 0.52734375 0.8009259259259259 0.0390625 0.08518518518518518
0 0.5151041666666667 0.9583333333333334 0.23229166666666667 0.08148148148148149
0 0.9260416666666667 0.9689814814814814 0.10625 0.06018518518518518
0 0.09479166666666666 0.7662037037037037 0.18958333333333333 0.21574074074074073
0 0.16666666666666666 0.3787037037037037 0.20729166666666668 0.44074074074074077
0 0.09973958333333334 0.32592592592592595 0.11822916666666666 0.1425925925925926