3 0.5174479166666667 0.33287037037037037 0.10052083333333334 0.08425925925925926
3 0.4635416666666667 0.26805555555555555 0.08958333333333333 0.07314814814814814
3 0.7276041666666667 0.36018518518518516 0.05520833333333333 0.07962962962962963
3 0.7953125 0.3699074074074074 0.05 0.06944444444444445
3 0.7760416666666666 0.4097222222222222 0.0375 0.062037037037037036
3 0.7276041666666667 0.5574074074074075 0.030208333333333334 0.07592592592592592
3 0.6924479166666667 0.5282407407407408 0.04010416666666667 0.06944444444444445
3 0.78828125 0.549537037037037 0.024479166666666666 0.08055555555555556
3 0.8208333333333333 0.5564814814814815 0.04583333333333333 0.06851851851851852
3 0.8401041666666667 0.6046296296296296 0.06875 0.06851851851851852
3 0.9177083333333333 0.6527777777777778 0.05625 0.0962962962962963