0 0.8614583333333333 0.11064814814814815 0.022916666666666665 0.030555555555555555
0 0.7760416666666666 0.5194444444444445 0.015625 0.027777777777777776
0 0.78125 0.7152777777777778 0.017708333333333333 0.023148148148148147
8 0.70625 0.8856481481481482 0.040625 0.021296296296296296
8 0.7971354166666667 0.8865740740740741 0.03177083333333333 0.021296296296296296
8 0.8848958333333333 0.937962962962963 0.022916666666666665 0.03148148148148148
8 0.9044270833333333 0.9268518518518518 0.03177083333333333 0.024074074074074074
8 0.9690104166666667 0.9171296296296296 0.0234375 0.017592592592592594
1 0.8341145833333333 0.8662037037037037 0.030729166666666665 0.017592592592592594
1 0.7611979166666667 0.8824074074074074 0.022395833333333334 0.012962962962962963
1 0.7723958333333333 0.8513888888888889 0.014583333333333334 0.008333333333333333
1 0.11822916666666666 0.6712962962962963 0.019791666666666666 0.009259259259259259
1 0.16380208333333332 0.7 0.015104166666666667 0.011111111111111112
1 0.18125 0.6736111111111112 0.010416666666666666 0.021296296296296296
1 0.11458333333333333 0.7523148148148148 0.0125 0.004629629629629629
1 0.2171875 0.7416666666666667 0.013541666666666667 0.022222222222222223
1 0.21223958333333334 0.7490740740740741 0.0140625 0.009259259259259259
5 0.378125 0.5120370370370371 0.040625 0.08333333333333333
5 0.634375 0.48055555555555557 0.05625 0.05740740740740741
5 0.5541666666666667 0.5101851851851852 0.06041666666666667 0.06296296296296296
5 0.5177083333333333 0.5166666666666667 0.04583333333333333 0.04814814814814815
5 0.5151041666666667 0.4023148148148148 0.052083333333333336 0.049074074074074076
4 0.5869791666666667 0.2388888888888889 0.05625 0.04814814814814815
5 0.4934895833333333 0.19675925925925927 0.044270833333333336 0.062037037037037036
4 0.6580729166666667 0.3013888888888889 0.0390625 0.049074074074074076
0 0.49375 0.30833333333333335 0.029166666666666667 0.02962962962962963
0 0.5013020833333334 0.32592592592592595 0.0203125 0.014814814814814815
7 0.71484375 0.6129629629629629 0.011979166666666667 0.03148148148148148
7 0.7143229166666667 0.8726851851851852 0.024479166666666666 0.026851851851851852
0 0.9830729166666666 0.2550925925925926 0.015104166666666667 0.019444444444444445
1 0.05755208333333333 0.8287037037037037 0.0109375 0.037037037037037035