5 0.5041666666666667 0.049074074074074076 0.04895833333333333 0.07037037037037037
5 0.4265625 0.16898148148148148 0.052083333333333336 0.07592592592592592
5 0.46588541666666666 0.18935185185185185 0.0296875 0.0787037037037037
5 0.38255208333333335 0.19675925925925927 0.03177083333333333 0.046296296296296294
5 0.43411458333333336 0.013888888888888888 0.03177083333333333 0.027777777777777776
7 0.9653645833333333 0.5518518518518518 0.025520833333333333 0.02962962962962963
10 0.45755208333333336 0.7842592592592592 0.0265625 0.03148148148148148
1 0.6161458333333333 0.6898148148148148 0.011458333333333333 0.02962962962962963
1 0.6174479166666667 0.48703703703703705 0.025520833333333333 0.05
1 0.7604166666666666 0.7189814814814814 0.01875 0.019444444444444445
1 0.7979166666666667 0.7217592592592592 0.026041666666666668 0.01574074074074074
1 0.8421875 0.6824074074074075 0.03125 0.020370370370370372
1 0.97421875 0.5976851851851852 0.0265625 0.017592592592592594
1 0.85390625 0.5893518518518519 0.021354166666666667 0.019444444444444445
1 0.9854166666666667 0.5694444444444444 0.028125 0.022222222222222223
1 0.9604166666666667 0.5893518518518519 0.01875 0.01574074074074074
7 0.9669270833333333 0.612037037037037 0.016145833333333335 0.024074074074074074
7 0.97421875 0.6916666666666667 0.021354166666666667 0.027777777777777776
1 0.0578125 0.5958333333333333 0.022916666666666665 0.01574074074074074
0 0.18125 0.31712962962962965 0.010416666666666666 0.01574074074074074
0 0.12265625 0.06574074074074074 0.015104166666666667 0.012962962962962963
0 0.7213541666666666 0.46620370370370373 0.014583333333333334 0.019444444444444445
0 0.7197916666666667 0.49166666666666664 0.010416666666666666 0.011111111111111112