3 0.3296875 0.262037037037037 0.096875 0.07962962962962963
3 0.26484375 0.20555555555555555 0.07239583333333334 0.09814814814814815
3 0.21197916666666666 0.27175925925925926 0.042708333333333334 0.075
3 0.2911458333333333 0.3296296296296296 0.0875 0.1111111111111111
3 0.41953125 0.10462962962962963 0.0765625 0.09444444444444444
3 0.359375 0.20601851851851852 0.078125 0.09166666666666666
3 0.5216145833333333 0.33611111111111114 0.10989583333333333 0.09444444444444444
3 0.47604166666666664 0.1865740740740741 0.096875 0.08611111111111111
3 0.5609375 0.22916666666666666 0.07604166666666666 0.10462962962962963
3 0.47421875 0.2726851851851852 0.0796875 0.07685185185185185
3 0.48411458333333335 0.3768518518518518 0.09635416666666667 0.10555555555555556
3 0.4671875 0.48148148148148145 0.051041666666666666 0.08333333333333333
3 0.5921875 0.4671296296296296 0.08958333333333333 0.09907407407407408
3 0.6713541666666667 0.33101851851851855 0.0875 0.10648148148148148
3 0.6322916666666667 0.16666666666666666 0.06145833333333333 0.09259259259259259
3 0.62421875 0.7222222222222222 0.0609375 0.08518518518518518
3 0.68671875 0.687037037037037 0.06197916666666667 0.05740740740740741
3 0.8544270833333333 0.43194444444444446 0.04114583333333333 0.06574074074074074
2 0.8591145833333333 0.29768518518518516 0.10572916666666667 0.24351851851851852
5 0.7791666666666667 0.6611111111111111 0.052083333333333336 0.053703703703703705
3 0.7572916666666667 0.3712962962962963 0.07083333333333333 0.08518518518518518
3 0.81171875 0.5162037037037037 0.0265625 0.08425925925925926
3 0.7432291666666667 0.5958333333333333 0.035416666666666666 0.06759259259259259
3 0.6489583333333333 0.45046296296296295 0.05 0.10462962962962963
0 0.9549479166666667 0.8532407407407407 0.025520833333333333 0.058333333333333334
3 0.72734375 0.23981481481481481 0.059895833333333336 0.09259259259259259