5 0.9817708333333334 0.41574074074074074 0.035416666666666666 0.037037037037037035
5 0.9705729166666667 0.3921296296296296 0.04635416666666667 0.05092592592592592
5 0.9130208333333333 0.4425925925925926 0.03958333333333333 0.040740740740740744
5 0.8151041666666666 0.3509259259259259 0.051041666666666666 0.06111111111111111
5 0.85 0.5217592592592593 0.059375 0.05092592592592592
5 0.8984375 0.5782407407407407 0.0375 0.04351851851851852
5 0.91484375 0.39537037037037037 0.043229166666666666 0.04259259259259259
0 0.8723958333333334 0.3921296296296296 0.0375 0.07685185185185185
0 0.9065104166666667 0.7481481481481481 0.019270833333333334 0.09074074074074075
0 0.7518229166666667 0.13472222222222222 0.019270833333333334 0.017592592592592594
0 0.7880208333333333 0.13796296296296295 0.013541666666666667 0.016666666666666666
0 0.28541666666666665 0.8175925925925925 0.023958333333333335 0.027777777777777776
2 0.76953125 0.1625 0.0734375 0.03981481481481482
0 0.68828125 0.2967592592592593 0.025520833333333333 0.028703703703703703
5 0.86640625 0.6439814814814815 0.03697916666666667 0.05092592592592592
5 0.8588541666666667 0.5689814814814815 0.027083333333333334 0.03981481481481482
5 0.8151041666666666 0.4462962962962963 0.021875 0.044444444444444446
0 0.7533854166666667 0.04398148148148148 0.016145833333333335 0.023148148148148147
0 0.8182291666666667 0.15416666666666667 0.010416666666666666 0.030555555555555555
0 0.9067708333333333 0.05787037037037037 0.017708333333333333 0.019444444444444445
0 0.9018229166666667 0.06527777777777778 0.019270833333333334 0.017592592592592594