1 0.44375 0.7597222222222222 0.03125 0.0712962962962963
1 0.56875 0.5481481481481482 0.019791666666666666 0.022222222222222223
1 0.61015625 0.4861111111111111 0.015104166666666667 0.053703703703703705
1 0.6190104166666667 0.3976851851851852 0.0203125 0.03796296296296296
1 0.6416666666666667 0.5157407407407407 0.021875 0.016666666666666666
1 0.7125 0.3337962962962963 0.015625 0.03611111111111111
1 0.15130208333333334 0.8143518518518519 0.034895833333333334 0.019444444444444445
1 0.24296875 0.7717592592592593 0.016145833333333335 0.03796296296296296
1 0.2911458333333333 0.750462962962963 0.019791666666666666 0.013888888888888888
1 0.30572916666666666 0.7546296296296297 0.013541666666666667 0.018518518518518517
1 0.26067708333333334 0.7717592592592593 0.0171875 0.019444444444444445
1 0.2640625 0.7430555555555556 0.021875 0.023148148148148147
1 0.2872395833333333 0.7148148148148148 0.0140625 0.025925925925925925
1 0.15729166666666666 0.6310185185185185 0.021875 0.01574074074074074
1 0.19661458333333334 0.7611111111111111 0.011979166666666667 0.044444444444444446
1 0.31145833333333334 0.7643518518518518 0.016666666666666666 0.023148148148148147
1 0.12135416666666667 0.8069444444444445 0.016666666666666666 0.023148148148148147
1 0.2591145833333333 0.6564814814814814 0.015104166666666667 0.025925925925925925