5 0.4901041666666667 0.3125 0.05416666666666667 0.09537037037037037
1 0.4700520833333333 0.7449074074074075 0.03177083333333333 0.04537037037037037
10 0.16145833333333334 0.25 0.029166666666666667 0.014814814814814815
5 0.33619791666666665 0.6930555555555555 0.034895833333333334 0.06944444444444445
0 0.11979166666666667 0.48703703703703705 0.009375 0.011111111111111112
0 0.11979166666666667 0.25833333333333336 0.0125 0.011111111111111112
0 0.17890625 0.2773148148148148 0.011979166666666667 0.017592592592592594
0 0.13984375 0.32916666666666666 0.008854166666666666 0.012037037037037037
7 0.36302083333333335 0.8458333333333333 0.029166666666666667 0.021296296296296296
0 0.7145833333333333 0.6328703703703704 0.007291666666666667 0.021296296296296296
0 0.05234375 0.02962962962962963 0.0140625 0.024074074074074074
0 0.14869791666666668 0.12268518518518519 0.0140625 0.013888888888888888