0 0.9377604166666667 0.02824074074074074 0.015104166666666667 0.025
0 0.22942708333333334 0.056018518518518516 0.0140625 0.012037037037037037
0 0.18307291666666667 0.45 0.009895833333333333 0.014814814814814815
3 0.21510416666666668 0.30648148148148147 0.05416666666666667 0.05925925925925926
3 0.15130208333333334 0.6458333333333334 0.024479166666666666 0.04722222222222222
3 0.13125 0.6648148148148149 0.019791666666666666 0.053703703703703705
3 0.3575520833333333 0.3476851851851852 0.06927083333333334 0.08981481481481482
3 0.3484375 0.4601851851851852 0.08229166666666667 0.0962962962962963
3 0.45338541666666665 0.38796296296296295 0.0859375 0.0962962962962963
3 0.2838541666666667 0.6685185185185185 0.03229166666666667 0.06666666666666667
3 0.34661458333333334 0.5675925925925925 0.0328125 0.06111111111111111
3 0.43203125 0.5819444444444445 0.07239583333333334 0.075
3 0.5768229166666666 0.6078703703703704 0.08177083333333333 0.0712962962962963
3 0.6364583333333333 0.4162037037037037 0.08958333333333333 0.0824074074074074
3 0.5059895833333333 0.45231481481481484 0.05677083333333333 0.08425925925925926
3 0.49713541666666666 0.5328703703703703 0.09322916666666667 0.08611111111111111