2 0.03828125 0.7611111111111111 0.0765625 0.13148148148148148
5 0.4934895833333333 0.41712962962962963 0.0640625 0.08425925925925926
5 0.54140625 0.31851851851851853 0.059895833333333336 0.07222222222222222
5 0.6203125 0.3351851851851852 0.065625 0.07592592592592592
5 0.7203125 0.24074074074074073 0.08125 0.09074074074074075
5 0.6158854166666666 0.2638888888888889 0.058854166666666666 0.06296296296296296
5 0.6166666666666667 0.2074074074074074 0.035416666666666666 0.07407407407407407
5 0.6947916666666667 0.16805555555555557 0.06145833333333333 0.09722222222222222
5 0.6536458333333334 0.19675925925925927 0.05 0.062037037037037036
5 0.71875 0.13240740740740742 0.05416666666666667 0.06481481481481481
5 0.63828125 0.09259259259259259 0.044270833333333336 0.046296296296296294
5 0.6322916666666667 0.13240740740740742 0.026041666666666668 0.06666666666666667
5 0.6075520833333333 0.13796296296296295 0.0421875 0.05
5 0.5703125 0.043055555555555555 0.071875 0.058333333333333334
5 0.56171875 0.0763888888888889 0.07239583333333334 0.058333333333333334