0 0.7986979166666667 0.2662037037037037 0.034895833333333334 0.032407407407407406
0 0.85546875 0.45231481481481484 0.043229166666666666 0.1361111111111111
0 0.9255208333333333 0.2273148148148148 0.03125 0.030555555555555555
0 0.7138020833333333 0.20972222222222223 0.025520833333333333 0.028703703703703703
0 0.9572916666666667 0.13148148148148148 0.023958333333333335 0.024074074074074074
0 0.4705729166666667 0.3384259259259259 0.03177083333333333 0.03981481481481482
0 0.3184895833333333 0.7055555555555556 0.043229166666666666 0.04814814814814815
0 0.9145833333333333 0.7675925925925926 0.022395833333333334 0.040740740740740744
0 0.4427083333333333 0.15648148148148147 0.015625 0.03888888888888889
0 0.1234375 0.2439814814814815 0.013541666666666667 0.017592592592592594
0 0.15182291666666667 0.27175925925925926 0.013020833333333334 0.025
0 0.7723958333333333 0.8439814814814814 0.0140625 0.024074074074074074
0 0.6518229166666667 0.15555555555555556 0.016145833333333335 0.03888888888888889
0 0.048177083333333336 0.16898148148148148 0.0109375 0.023148148148148147
0 0.10651041666666666 0.30324074074074076 0.013020833333333334 0.01574074074074074
0 0.09635416666666667 0.3148148148148148 0.008333333333333333 0.014814814814814815
0 0.15911458333333334 0.3699074074074074 0.008854166666666666 0.012037037037037037