0 0.46927083333333336 0.1050925925925926 0.08854166666666667 0.06944444444444445
0 0.6369791666666667 0.08564814814814815 0.04479166666666667 0.05648148148148148
0 0.8067708333333333 0.09814814814814815 0.051041666666666666 0.08888888888888889
0 0.8674479166666667 0.09166666666666666 0.058854166666666666 0.05555555555555555
0 0.9171875 0.2175925925925926 0.05520833333333333 0.04259259259259259
0 0.8559895833333333 0.8069444444444445 0.033854166666666664 0.03425925925925926
0 0.3143229166666667 0.6925925925925925 0.044270833333333336 0.05555555555555555
3 0.18619791666666666 0.5740740740740741 0.03697916666666667 0.05740740740740741
3 0.08671875 0.6074074074074074 0.05364583333333333 0.07592592592592592
0 0.17630208333333333 0.850462962962963 0.0421875 0.06388888888888888
0 0.7114583333333333 0.14166666666666666 0.020833333333333332 0.04259259259259259