5 0.6807291666666667 0.3685185185185185 0.04479166666666667 0.07592592592592592
0 0.13020833333333334 0.9050925925925926 0.040625 0.03796296296296296
0 0.3658854166666667 0.6398148148148148 0.0203125 0.03333333333333333
0 0.5002604166666667 0.6504629629629629 0.03697916666666667 0.041666666666666664
0 0.7518229166666667 0.8175925925925925 0.0328125 0.044444444444444446
0 0.7854166666666667 0.8555555555555555 0.022916666666666665 0.02962962962962963
0 0.775 0.8245370370370371 0.020833333333333332 0.023148148148148147
0 0.8986979166666667 0.6861111111111111 0.019270833333333334 0.02962962962962963
0 0.7979166666666667 0.4537037037037037 0.026041666666666668 0.025925925925925925
1 0.84375 0.7666666666666667 0.03125 0.024074074074074074
1 0.5234375 0.737037037037037 0.035416666666666666 0.07037037037037037
1 0.5153645833333333 0.8115740740740741 0.0859375 0.03981481481481482
1 0.73046875 0.7171296296296297 0.019270833333333334 0.030555555555555555
10 0.17760416666666667 0.7074074074074074 0.04479166666666667 0.02962962962962963
12 0.6291666666666667 0.5111111111111111 0.01875 0.09074074074074075
12 0.6244791666666667 0.6773148148148148 0.013541666666666667 0.049074074074074076