1 0.14088541666666668 0.9476851851851852 0.05677083333333333 0.10277777777777777
0 0.19791666666666666 0.975462962962963 0.05625 0.03981481481481482
0 0.18958333333333333 0.8425925925925926 0.035416666666666666 0.04259259259259259
0 0.15494791666666666 0.7148148148148148 0.015104166666666667 0.025925925925925925
0 0.44296875 0.27037037037037037 0.049479166666666664 0.06111111111111111
0 0.5375 0.4375 0.06875 0.0712962962962963
0 0.78671875 0.15833333333333333 0.07239583333333334 0.046296296296296294
0 0.88828125 0.8287037037037037 0.050520833333333334 0.05555555555555555
0 0.971875 0.7912037037037037 0.05416666666666667 0.16018518518518518
12 0.6583333333333333 0.6819444444444445 0.03125 0.04722222222222222
5 0.75390625 0.5722222222222222 0.018229166666666668 0.07407407407407407
5 0.7567708333333333 0.10601851851851851 0.057291666666666664 0.05277777777777778
12 0.7473958333333334 0.2601851851851852 0.03229166666666667 0.06851851851851852
12 0.7145833333333333 0.2074074074074074 0.036458333333333336 0.06111111111111111
12 0.7151041666666667 0.24583333333333332 0.046875 0.058333333333333334