0 0.43385416666666665 0.6342592592592593 0.08229166666666667 0.11666666666666667
5 0.7536458333333333 0.17962962962962964 0.05625 0.06481481481481481
5 0.765625 0.23055555555555557 0.03229166666666667 0.04814814814814815
5 0.7994791666666666 0.2902777777777778 0.05416666666666667 0.05092592592592592
5 0.8765625 0.29212962962962963 0.030208333333333334 0.03425925925925926
5 0.7575520833333333 0.33287037037037037 0.0453125 0.04351851851851852
5 0.7908854166666667 0.36018518518518516 0.044270833333333336 0.05925925925925926
5 0.7794270833333333 0.4305555555555556 0.04114583333333333 0.03518518518518519
5 0.7627604166666667 0.4027777777777778 0.0328125 0.05740740740740741
5 0.8354166666666667 0.4375 0.030208333333333334 0.03981481481481482
5 0.9666666666666667 0.6851851851851852 0.042708333333333334 0.04814814814814815