3 0.5419270833333333 0.32592592592592595 0.1046875 0.12222222222222222
3 0.6481770833333333 0.30925925925925923 0.0578125 0.11666666666666667
3 0.7354166666666667 0.34305555555555556 0.042708333333333334 0.1287037037037037
0 0.7276041666666667 0.4439814814814815 0.041666666666666664 0.05462962962962963
0 0.928125 0.5402777777777777 0.040625 0.032407407407407406
0 0.8244791666666667 0.7342592592592593 0.017708333333333333 0.025925925925925925
0 0.014322916666666666 0.7157407407407408 0.021354166666666667 0.02962962962962963
8 0.12682291666666667 0.6481481481481481 0.04114583333333333 0.025925925925925925
8 0.43411458333333336 0.6949074074074074 0.03177083333333333 0.025
8 0.4236979166666667 0.7833333333333333 0.024479166666666666 0.024074074074074074
8 0.45989583333333334 0.7648148148148148 0.027083333333333334 0.014814814814814815
8 0.43307291666666664 0.7226851851851852 0.016145833333333335 0.017592592592592594
8 0.35859375 0.6902777777777778 0.027604166666666666 0.025
8 0.3919270833333333 0.7574074074074074 0.03177083333333333 0.020370370370370372
8 0.10052083333333334 0.7324074074074074 0.030208333333333334 0.022222222222222223
12 0.15182291666666667 0.6976851851851852 0.030729166666666665 0.026851851851851852
2 0.039322916666666666 0.07824074074074074 0.07864583333333333 0.062037037037037036
12 0.9572916666666667 0.06111111111111111 0.034375 0.11666666666666667
5 0.47421875 0.02361111111111111 0.04114583333333333 0.03796296296296296
0 0.51484375 0.01574074074074074 0.021354166666666667 0.024074074074074074
0 0.2234375 0.38796296296296295 0.01875 0.027777777777777776
0 0.871875 0.6819444444444445 0.016666666666666666 0.032407407407407406
12 0.7203125 0.7375 0.021875 0.07314814814814814