7 0.76484375 0.06851851851851852 0.08802083333333334 0.05555555555555555
7 0.8578125 0.16111111111111112 0.053125 0.08333333333333333
7 0.90234375 0.24675925925925926 0.0484375 0.062037037037037036
7 0.9057291666666667 0.3902777777777778 0.05416666666666667 0.06944444444444445
0 0.21328125 0.37407407407407406 0.2140625 0.22592592592592592
0 0.6700520833333333 0.8203703703703704 0.0296875 0.040740740740740744
0 0.8278645833333333 0.8092592592592592 0.0296875 0.03518518518518519
0 0.9247395833333333 0.6662037037037037 0.019270833333333334 0.032407407407407406
0 0.9901041666666667 0.6828703703703703 0.015625 0.023148148148148147
0 0.9890625 0.8208333333333333 0.020833333333333332 0.026851851851851852
0 0.9744791666666667 0.9699074074074074 0.03958333333333333 0.03425925925925926
0 0.7197916666666667 0.6930555555555555 0.010416666666666666 0.01574074074074074
0 0.8268229166666666 0.5847222222222223 0.015104166666666667 0.012037037037037037
0 0.8119791666666667 0.487962962962963 0.013541666666666667 0.018518518518518517
1 0.81328125 0.899074074074074 0.034895833333333334 0.046296296296296294
12 0.9416666666666667 0.7342592592592593 0.025 0.03888888888888889