0 0.7729166666666667 0.5583333333333333 0.06458333333333334 0.05740740740740741
0 0.7981770833333334 0.3 0.0484375 0.04814814814814815
0 0.9489583333333333 0.20046296296296295 0.03333333333333333 0.049074074074074076
0 0.35520833333333335 0.5291666666666667 0.05 0.07314814814814814
0 0.58046875 0.5939814814814814 0.0640625 0.06759259259259259
0 0.45026041666666666 0.425462962962963 0.05572916666666667 0.0824074074074074
0 0.5013020833333334 0.3453703703703704 0.05572916666666667 0.05
0 0.6802083333333333 0.1712962962962963 0.04375 0.06851851851851852
0 0.7690104166666667 0.04259259259259259 0.04114583333333333 0.06296296296296296
0 0.6174479166666667 0.04861111111111111 0.05364583333333333 0.058333333333333334
0 0.4328125 0.19074074074074074 0.03125 0.044444444444444446
0 0.05130208333333333 0.7861111111111111 0.06510416666666667 0.06481481481481481
0 0.2799479166666667 0.8388888888888889 0.06822916666666666 0.09814814814814815
0 0.16692708333333334 0.9092592592592592 0.08072916666666667 0.15555555555555556
0 0.040364583333333336 0.16296296296296298 0.049479166666666664 0.10740740740740741