0 0.07447916666666667 0.12638888888888888 0.023958333333333335 0.019444444444444445
0 0.09453125 0.3060185185185185 0.013020833333333334 0.013888888888888888
0 0.07421875 0.42314814814814816 0.008854166666666666 0.022222222222222223
0 0.08203125 0.4148148148148148 0.005729166666666666 0.025925925925925925
0 0.13958333333333334 0.5064814814814815 0.01875 0.016666666666666666
0 0.20598958333333334 0.525 0.011979166666666667 0.022222222222222223
0 0.20859375 0.44305555555555554 0.0140625 0.025
0 0.13958333333333334 0.2569444444444444 0.014583333333333334 0.013888888888888888
0 0.13828125 0.2111111111111111 0.015104166666666667 0.020370370370370372
0 0.19401041666666666 0.06574074074074074 0.0171875 0.027777777777777776
0 0.016927083333333332 0.20462962962962963 0.008854166666666666 0.020370370370370372
0 0.03333333333333333 0.3509259259259259 0.014583333333333334 0.016666666666666666
0 0.12604166666666666 0.175 0.013541666666666667 0.012962962962962963
0 0.18567708333333333 0.675 0.008854166666666666 0.018518518518518517
7 0.37890625 0.8439814814814814 0.019270833333333334 0.030555555555555555
0 0.7153645833333333 0.37916666666666665 0.009895833333333333 0.021296296296296296