3 0.48046875 0.537962962962963 0.10052083333333334 0.09074074074074075
3 0.6041666666666666 0.5699074074074074 0.06458333333333334 0.08611111111111111
3 0.31588541666666664 0.45231481481481484 0.08072916666666667 0.08796296296296297
3 0.20859375 0.39814814814814814 0.03802083333333333 0.08518518518518518
3 0.7921875 0.3263888888888889 0.046875 0.062037037037037036
3 0.48072916666666665 0.3351851851851852 0.07083333333333333 0.06666666666666667
2 0.5182291666666666 0.7805555555555556 0.07708333333333334 0.09259259259259259
0 0.9286458333333333 0.9606481481481481 0.030208333333333334 0.03611111111111111
5 0.7604166666666666 0.3314814814814815 0.016666666666666666 0.040740740740740744
5 0.8161458333333333 0.3902777777777778 0.017708333333333333 0.03425925925925926
5 0.7130208333333333 0.6208333333333333 0.022916666666666665 0.10092592592592593