3 0.3611979166666667 0.39814814814814814 0.06822916666666666 0.07962962962962963
3 0.29973958333333334 0.4564814814814815 0.0734375 0.08703703703703704
3 0.3078125 0.3787037037037037 0.03854166666666667 0.05740740740740741
3 0.5322916666666667 0.3365740740740741 0.10104166666666667 0.08425925925925926
3 0.4622395833333333 0.45555555555555555 0.0484375 0.08148148148148149
3 0.37890625 0.4773148148148148 0.06822916666666666 0.06018518518518518
3 0.57734375 0.4949074074074074 0.07239583333333334 0.0712962962962963
3 0.684375 0.36944444444444446 0.06145833333333333 0.08333333333333333
3 0.6557291666666667 0.4847222222222222 0.04583333333333333 0.05648148148148148
3 0.7174479166666666 0.48055555555555557 0.0765625 0.07962962962962963
3 0.6505208333333333 0.5842592592592593 0.03958333333333333 0.07037037037037037
3 0.8440104166666667 0.5282407407407408 0.04010416666666667 0.0712962962962963
3 0.7505208333333333 0.5430555555555555 0.090625 0.08055555555555556
3 0.77265625 0.5935185185185186 0.04635416666666667 0.04259259259259259