2 0.44114583333333335 0.7643518518518518 0.10729166666666666 0.09166666666666666
2 0.3578125 0.7671296296296296 0.096875 0.0824074074074074
11 0.9734375 0.6837962962962963 0.052083333333333336 0.06388888888888888
0 0.7559895833333333 0.9574074074074074 0.05364583333333333 0.08333333333333333
0 0.11432291666666666 0.4810185185185185 0.16197916666666667 0.11574074074074074
0 0.22708333333333333 0.6351851851851852 0.08229166666666667 0.12407407407407407
0 0.20416666666666666 0.5203703703703704 0.034375 0.053703703703703705
0 0.06901041666666667 0.2916666666666667 0.08489583333333334 0.12037037037037036
0 0.09348958333333333 0.8342592592592593 0.058854166666666666 0.05925925925925926
0 0.15755208333333334 0.9324074074074075 0.0453125 0.05
0 0.15364583333333334 0.9810185185185185 0.06041666666666667 0.03611111111111111
0 0.009635416666666667 0.8837962962962963 0.019270833333333334 0.05277777777777778
0 0.011197916666666667 0.7712962962962963 0.022395833333333334 0.12037037037037036