0 0.7890625 0.6305555555555555 0.04895833333333333 0.06111111111111111
3 0.7388020833333333 0.8486111111111111 0.021354166666666667 0.05092592592592592
5 0.82890625 0.40370370370370373 0.024479166666666666 0.046296296296296294
5 0.7505208333333333 0.3416666666666667 0.05 0.053703703703703705
5 0.7786458333333334 0.27546296296296297 0.042708333333333334 0.04537037037037037
5 0.7549479166666667 0.19907407407407407 0.04635416666666667 0.07777777777777778
12 0.6986979166666667 0.2675925925925926 0.034895833333333334 0.08333333333333333
5 0.72734375 0.29583333333333334 0.03697916666666667 0.049074074074074076
5 0.7260416666666667 0.19166666666666668 0.04479166666666667 0.04259259259259259
1 0.7877604166666666 0.03009259259259259 0.0296875 0.026851851851851852
0 0.88515625 0.9180555555555555 0.0171875 0.041666666666666664