0 0.24114583333333334 0.8560185185185185 0.128125 0.08611111111111111
0 0.7109375 0.9657407407407408 0.05520833333333333 0.06666666666666667
0 0.8518229166666667 0.2574074074074074 0.0140625 0.012962962962962963
0 0.9950520833333333 0.13472222222222222 0.008854166666666666 0.021296296296296296
0 0.8677083333333333 0.2847222222222222 0.009375 0.012037037037037037
1 0.8265625 0.6916666666666667 0.013541666666666667 0.04814814814814815
8 0.6294270833333333 0.8013888888888889 0.016145833333333335 0.013888888888888888
8 0.6502604166666667 0.7842592592592592 0.015104166666666667 0.012962962962962963
8 0.65078125 0.8041666666666667 0.0140625 0.012037037037037037
8 0.6734375 0.8208333333333333 0.013541666666666667 0.013888888888888888
8 0.6859375 0.7828703703703703 0.015625 0.019444444444444445
8 0.6716145833333333 0.774537037037037 0.0109375 0.013888888888888888
8 0.7395833333333334 0.812962962962963 0.015625 0.014814814814814815
8 0.8065104166666667 0.8300925925925926 0.015104166666666667 0.010185185185185186
8 0.8549479166666667 0.8361111111111111 0.018229166666666668 0.011111111111111112
11 0.784375 0.7171296296296297 0.042708333333333334 0.06944444444444445
6 0.7177083333333333 0.6925925925925925 0.034375 0.03518518518518519
6 0.7231770833333333 0.6388888888888888 0.028645833333333332 0.05185185185185185
6 0.69921875 0.6101851851851852 0.034895833333333334 0.07407407407407407
8 0.7140625 0.8009259259259259 0.014583333333333334 0.011111111111111112
1 0.21640625 0.7185185185185186 0.013020833333333334 0.014814814814814815
1 0.09583333333333334 0.6064814814814815 0.017708333333333333 0.014814814814814815
1 0.4739583333333333 0.6407407407407407 0.00625 0.02962962962962963
1 0.08203125 0.8824074074074074 0.0109375 0.007407407407407408
7 0.025260416666666667 0.06481481481481481 0.050520833333333334 0.05
7 0.34869791666666666 0.18703703703703703 0.0421875 0.03518518518518519
12 0.334375 0.22546296296296298 0.019791666666666666 0.03611111111111111