1 0.9817708333333334 0.8638888888888889 0.035416666666666666 0.040740740740740744
7 0.9479166666666666 0.8351851851851851 0.06041666666666667 0.07592592592592592
7 0.8747395833333333 0.9791666666666666 0.04010416666666667 0.03981481481481482
0 0.13229166666666667 0.33425925925925926 0.078125 0.10740740740740741
0 0.0515625 0.36435185185185187 0.057291666666666664 0.08425925925925926
0 0.6755208333333333 0.19212962962962962 0.08125 0.05277777777777778
0 0.7979166666666667 0.5027777777777778 0.014583333333333334 0.020370370370370372
0 0.8505208333333333 0.3587962962962963 0.0125 0.01574074074074074
0 0.9247395833333333 0.4115740740740741 0.011979166666666667 0.013888888888888888
6 0.7638020833333333 0.7578703703703704 0.027604166666666666 0.049074074074074076
6 0.7216145833333333 0.7856481481481481 0.0234375 0.04722222222222222
11 0.7119791666666667 0.8490740740740741 0.03229166666666667 0.09074074074074075
12 0.7278645833333334 0.7263888888888889 0.022395833333333334 0.03981481481481482
12 0.7122395833333334 0.725 0.016145833333333335 0.03333333333333333