11 0.4205729166666667 0.4449074074074074 0.10052083333333334 0.07685185185185185
11 0.534375 0.513425925925926 0.08229166666666667 0.058333333333333334
11 0.6440104166666667 0.49537037037037035 0.08177083333333333 0.06296296296296296
11 0.7239583333333334 0.5166666666666667 0.058333333333333334 0.053703703703703705
3 0.6208333333333333 0.22175925925925927 0.09583333333333334 0.10648148148148148
3 0.6809895833333334 0.3490740740740741 0.09010416666666667 0.10925925925925926
3 0.7346354166666667 0.4722222222222222 0.07239583333333334 0.05740740740740741
3 0.8002604166666667 0.4837962962962963 0.058854166666666666 0.08611111111111111
3 0.8197916666666667 0.6842592592592592 0.06875 0.07592592592592592
12 0.75 0.6666666666666666 0.041666666666666664 0.07592592592592592
5 0.79453125 0.42685185185185187 0.03802083333333333 0.046296296296296294
0 0.8111979166666666 0.36527777777777776 0.024479166666666666 0.026851851851851852
12 0.9122395833333333 0.4111111111111111 0.022395833333333334 0.046296296296296294
12 0.6046875 0.37916666666666665 0.03333333333333333 0.0712962962962963
0 0.06197916666666667 0.36944444444444446 0.015625 0.024074074074074074