1 0.5916666666666667 0.32592592592592595 0.07395833333333333 0.05740740740740741
7 0.42682291666666666 0.8763888888888889 0.019270833333333334 0.017592592592592594
10 0.25546875 0.8180555555555555 0.028645833333333332 0.019444444444444445
1 0.28932291666666665 0.7601851851851852 0.016145833333333335 0.007407407407407408
8 0.3567708333333333 0.7537037037037037 0.022916666666666665 0.014814814814814815
8 0.3307291666666667 0.7416666666666667 0.023958333333333335 0.011111111111111112
8 0.2604166666666667 0.7731481481481481 0.017708333333333333 0.009259259259259259
8 0.23723958333333334 0.7643518518518518 0.0203125 0.010185185185185186
8 0.25104166666666666 0.7555555555555555 0.015625 0.009259259259259259
8 0.225 0.7342592592592593 0.016666666666666666 0.007407407407407408
8 0.21380208333333334 0.7412037037037037 0.0203125 0.010185185185185186
8 0.46510416666666665 0.9495370370370371 0.019791666666666666 0.010185185185185186
8 0.5072916666666667 0.9763888888888889 0.019791666666666666 0.010185185185185186
8 0.534375 0.9902777777777778 0.017708333333333333 0.010185185185185186