3 0.36432291666666666 0.7226851851851852 0.0609375 0.08796296296296297
3 0.44453125 0.6157407407407407 0.0578125 0.08703703703703704
3 0.48359375 0.4671296296296296 0.07447916666666667 0.08425925925925926
0 0.98046875 0.7356481481481482 0.030729166666666665 0.04351851851851852
0 0.8799479166666667 0.8703703703703703 0.04010416666666667 0.03333333333333333
0 0.90625 0.937037037037037 0.0375 0.040740740740740744
11 0.2635416666666667 0.18611111111111112 0.071875 0.05925925925925926
5 0.371875 0.125 0.0375 0.04814814814814815
2 0.17265625 0.4444444444444444 0.050520833333333334 0.15185185185185185
12 0.15182291666666667 0.26805555555555555 0.04635416666666667 0.06574074074074074
12 0.14270833333333333 0.4060185185185185 0.035416666666666666 0.03796296296296296
12 0.18125 0.3523148148148148 0.035416666666666666 0.062037037037037036
6 0.19036458333333334 0.2324074074074074 0.0328125 0.06666666666666667
6 0.3106770833333333 0.3597222222222222 0.044270833333333336 0.08425925925925926
2 0.23515625 0.7421296296296296 0.08177083333333333 0.19166666666666668
12 0.8588541666666667 0.7819444444444444 0.03958333333333333 0.062037037037037036