2 0.40989583333333335 0.4305555555555556 0.43333333333333335 0.337037037037037
2 0.48333333333333334 0.6615740740740741 0.3333333333333333 0.4824074074074074
1 0.5830729166666667 0.8930555555555556 0.03697916666666667 0.025
0 0.83046875 0.6962962962962963 0.0328125 0.03518518518518519
0 0.6986979166666667 0.20046296296296295 0.03697916666666667 0.03796296296296296
0 0.7736979166666667 0.175 0.021354166666666667 0.03518518518518519
0 0.7393229166666667 0.2861111111111111 0.018229166666666668 0.027777777777777776
0 0.7315104166666667 0.3486111111111111 0.0203125 0.021296296296296296
0 0.8088541666666667 0.23796296296296296 0.014583333333333334 0.014814814814814815
0 0.965625 0.22777777777777777 0.016666666666666666 0.016666666666666666
0 0.93359375 0.12222222222222222 0.0140625 0.018518518518518517
0 0.8966145833333333 0.2587962962962963 0.015104166666666667 0.01574074074074074
0 0.8130208333333333 0.5138888888888888 0.013541666666666667 0.012962962962962963
0 0.43203125 0.019444444444444445 0.018229166666666668 0.018518518518518517
0 0.38255208333333335 0.24768518518518517 0.028645833333333332 0.04351851851851852
0 0.17890625 0.2564814814814815 0.015104166666666667 0.018518518518518517
0 0.18255208333333334 0.38796296296296295 0.019270833333333334 0.018518518518518517
0 0.17291666666666666 0.5648148148148148 0.014583333333333334 0.016666666666666666
0 0.4192708333333333 0.7777777777777778 0.022916666666666665 0.022222222222222223
5 0.2716145833333333 0.15046296296296297 0.11614583333333334 0.14351851851851852
5 0.66171875 0.038425925925925926 0.04114583333333333 0.04351851851851852
5 0.7078125 0.03009259259259259 0.04375 0.05092592592592592