5 0.4627604166666667 0.12129629629629629 0.04635416666666667 0.05555555555555555
5 0.5760416666666667 0.20925925925925926 0.046875 0.053703703703703705
5 0.61796875 0.24861111111111112 0.0296875 0.08425925925925926
10 0.40182291666666664 0.8564814814814815 0.0265625 0.05185185185185185
1 0.5424479166666667 0.9689814814814814 0.0390625 0.032407407407407406
0 0.8078125 0.18796296296296297 0.016666666666666666 0.024074074074074074
0 0.7408854166666666 0.14953703703703702 0.011979166666666667 0.023148148148148147
0 0.7359375 0.23657407407407408 0.013541666666666667 0.017592592592592594
0 0.15494791666666666 0.04583333333333333 0.0109375 0.012037037037037037
0 0.15703125 0.45231481481481484 0.0109375 0.012037037037037037
0 0.08723958333333333 0.15648148148148147 0.011979166666666667 0.018518518518518517
0 0.15598958333333332 0.43333333333333335 0.0109375 0.016666666666666666