0 0.10104166666666667 0.7708333333333334 0.05625 0.08611111111111111
0 0.275 0.9458333333333333 0.020833333333333332 0.023148148148148147
0 0.73515625 0.7268518518518519 0.03802083333333333 0.08148148148148149
0 0.012760416666666666 0.11666666666666667 0.018229166666666668 0.04259259259259259
0 0.03802083333333333 0.3537037037037037 0.013541666666666667 0.03333333333333333
0 0.10052083333333334 0.425 0.017708333333333333 0.024074074074074074
0 0.12005208333333334 0.3837962962962963 0.04739583333333333 0.04722222222222222
0 0.1546875 0.36712962962962964 0.023958333333333335 0.023148148148148147
0 0.15989583333333332 0.12083333333333333 0.034375 0.028703703703703703
0 0.20052083333333334 0.21944444444444444 0.015625 0.04259259259259259
0 0.20807291666666666 0.32546296296296295 0.0171875 0.021296296296296296
0 0.284375 0.19444444444444445 0.022916666666666665 0.027777777777777776
0 0.3375 0.2625 0.06354166666666666 0.05648148148148148
0 0.36614583333333334 0.33101851851851855 0.022916666666666665 0.019444444444444445
0 0.34921875 0.3236111111111111 0.022395833333333334 0.01574074074074074
0 0.3690104166666667 0.44351851851851853 0.025520833333333333 0.06111111111111111
0 0.27890625 0.5212962962962963 0.016145833333333335 0.05740740740740741
0 0.40260416666666665 0.08472222222222223 0.023958333333333335 0.026851851851851852
0 0.559375 0.08425925925925926 0.017708333333333333 0.020370370370370372
0 0.53125 0.21898148148148147 0.040625 0.03981481481481482
0 0.5466145833333333 0.32314814814814813 0.03697916666666667 0.027777777777777776
0 0.9122395833333333 0.11435185185185186 0.0265625 0.026851851851851852
0 0.9864583333333333 0.2037037037037037 0.020833333333333332 0.018518518518518517
2 0.48046875 0.7300925925925926 0.11510416666666666 0.11574074074074074
2 0.34401041666666665 0.9407407407407408 0.04635416666666667 0.10555555555555556
2 0.5140625 0.924074074074074 0.090625 0.08703703703703704
2 0.6130208333333333 0.9259259259259259 0.04895833333333333 0.06851851851851852
5 0.5697916666666667 0.9208333333333333 0.06875 0.06944444444444445
6 0.44817708333333334 0.8842592592592593 0.0640625 0.06851851851851852
1 0.6416666666666667 0.7888888888888889 0.15729166666666666 0.20925925925925926
5 0.959375 0.7328703703703704 0.04375 0.09537037037037037