0 0.7388020833333333 0.5023148148148148 0.028125 0.04259259259259259
3 0.3104166666666667 0.3736111111111111 0.08333333333333333 0.09166666666666666
3 0.2552083333333333 0.40324074074074073 0.041666666666666664 0.06018518518518518
5 0.23671875 0.2449074074074074 0.05572916666666667 0.05648148148148148
5 0.31328125 0.14444444444444443 0.04635416666666667 0.05740740740740741
5 0.26640625 0.32546296296296295 0.05260416666666667 0.04537037037037037
5 0.17942708333333332 0.4981481481481482 0.025520833333333333 0.07407407407407407
12 0.12369791666666667 0.26296296296296295 0.0265625 0.07222222222222222
12 0.17161458333333332 0.5851851851851851 0.015104166666666667 0.04259259259259259
5 0.19088541666666667 0.5819444444444445 0.0234375 0.06018518518518518
5 0.19010416666666666 0.663425925925926 0.023958333333333335 0.06574074074074074