3 0.4505208333333333 0.25972222222222224 0.08541666666666667 0.08981481481481482
3 0.48385416666666664 0.35324074074074074 0.10104166666666667 0.09722222222222222
3 0.5721354166666667 0.42824074074074076 0.08697916666666666 0.07685185185185185
3 0.5541666666666667 0.5958333333333333 0.08541666666666667 0.0787037037037037
3 0.3546875 0.3939814814814815 0.07604166666666666 0.08425925925925926
3 0.3854166666666667 0.475462962962963 0.084375 0.0824074074074074
3 0.40729166666666666 0.5375 0.08020833333333334 0.06388888888888888
3 0.4083333333333333 0.6203703703703703 0.05416666666666667 0.05740740740740741
3 0.33359375 0.6287037037037037 0.0515625 0.05925925925925926
3 0.22317708333333333 0.5935185185185186 0.04635416666666667 0.07037037037037037
3 0.2953125 0.45787037037037037 0.07604166666666666 0.06944444444444445
3 0.34765625 0.4708333333333333 0.0390625 0.06018518518518518
3 0.23723958333333334 0.4217592592592593 0.0421875 0.07685185185185185
3 0.13229166666666667 0.375 0.034375 0.04259259259259259
3 0.0171875 0.32592592592592595 0.034375 0.06851851851851852
0 0.038802083333333334 0.1736111111111111 0.0203125 0.023148148148148147
0 0.89609375 0.15092592592592594 0.0203125 0.022222222222222223
0 0.7341145833333333 0.3037037037037037 0.013020833333333334 0.009259259259259259
0 0.771875 0.36064814814814816 0.015625 0.013888888888888888
0 0.7833333333333333 0.5041666666666667 0.014583333333333334 0.010185185185185186
6 0.4479166666666667 0.07731481481481481 0.03958333333333333 0.04537037037037037
6 0.14817708333333332 0.2564814814814815 0.03177083333333333 0.04814814814814815
6 0.14036458333333332 0.4689814814814815 0.04114583333333333 0.049074074074074076
12 0.02578125 0.5013888888888889 0.024479166666666666 0.05092592592592592
12 0.5010416666666667 0.26851851851851855 0.029166666666666667 0.053703703703703705