4 0.36796875 0.35694444444444445 0.0578125 0.05277777777777778
1 0.26197916666666665 0.5430555555555555 0.026041666666666668 0.08425925925925926
1 0.36770833333333336 0.6587962962962963 0.022916666666666665 0.019444444444444445
1 0.23958333333333334 0.6518518518518519 0.023958333333333335 0.018518518518518517
1 0.08880208333333334 0.4726851851851852 0.0234375 0.021296296296296296
1 0.058854166666666666 0.6856481481481481 0.014583333333333334 0.010185185185185186
1 0.115625 0.674074074074074 0.014583333333333334 0.022222222222222223
1 0.04010416666666667 0.6435185185185185 0.019791666666666666 0.014814814814814815
1 0.030729166666666665 0.6273148148148148 0.014583333333333334 0.012037037037037037
1 0.034895833333333334 0.6050925925925926 0.015625 0.013888888888888888
1 0.11666666666666667 0.5509259259259259 0.013541666666666667 0.011111111111111112
0 0.08645833333333333 0.44537037037037036 0.013541666666666667 0.03333333333333333