11 0.296875 0.487962962962963 0.06041666666666667 0.05740740740740741
11 0.46119791666666665 0.462037037037037 0.0859375 0.07037037037037037
3 0.3684895833333333 0.45092592592592595 0.10885416666666667 0.09259259259259259
3 0.47760416666666666 0.5736111111111111 0.06458333333333334 0.062037037037037036
3 0.571875 0.5773148148148148 0.10208333333333333 0.08425925925925926
3 0.26484375 0.0875 0.03697916666666667 0.06574074074074074
3 0.2669270833333333 0.17175925925925925 0.024479166666666666 0.06574074074074074
3 0.20572916666666666 0.15 0.027083333333333334 0.05925925925925926
0 0.4671875 0.9657407407407408 0.10833333333333334 0.06666666666666667
0 0.5372395833333333 0.9777777777777777 0.013020833333333334 0.027777777777777776
0 0.28411458333333334 0.6787037037037037 0.016145833333333335 0.025925925925925925
11 0.4 0.387037037037037 0.0375 0.053703703703703705
11 0.3815104166666667 0.34120370370370373 0.022395833333333334 0.05092592592592592
10 0.7536458333333333 0.9513888888888888 0.03229166666666667 0.058333333333333334
10 0.92265625 0.861574074074074 0.03177083333333333 0.01574074074074074