2 0.903125 0.3060185185185185 0.171875 0.1175925925925926
11 0.884375 0.06527777777777778 0.08645833333333333 0.058333333333333334
5 0.8200520833333333 0.5078703703703704 0.0609375 0.05277777777777778
5 0.79765625 0.4583333333333333 0.059375 0.05462962962962963
5 0.8419270833333333 0.39675925925925926 0.043229166666666666 0.06574074074074074
5 0.890625 0.4212962962962963 0.0375 0.05740740740740741
6 0.95859375 0.47314814814814815 0.019270833333333334 0.04814814814814815
5 0.9244791666666666 0.38101851851851853 0.03229166666666667 0.06018518518518518
5 0.82578125 0.20046296296296295 0.05260416666666667 0.06759259259259259
6 0.81953125 0.1486111111111111 0.025520833333333333 0.06018518518518518
6 0.8385416666666666 0.1597222222222222 0.019791666666666666 0.04722222222222222
5 0.89765625 0.13194444444444445 0.033854166666666664 0.05648148148148148
5 0.8846354166666667 0.15555555555555556 0.030729166666666665 0.04259259259259259
5 0.8791666666666667 0.2037037037037037 0.041666666666666664 0.04259259259259259
5 0.9260416666666667 0.21574074074074073 0.06666666666666667 0.05185185185185185
5 0.9692708333333333 0.15925925925925927 0.06041666666666667 0.06666666666666667
5 0.95859375 0.11574074074074074 0.0484375 0.04259259259259259
5 0.9484375 0.09027777777777778 0.030208333333333334 0.030555555555555555
11 0.940625 0.0125 0.08333333333333333 0.025
12 0.9171875 0.038425925925925926 0.03958333333333333 0.028703703703703703
12 0.8153645833333333 0.03888888888888889 0.015104166666666667 0.04814814814814815
12 0.8424479166666666 0.04583333333333333 0.011979166666666667 0.041666666666666664