0 0.40208333333333335 0.24166666666666667 0.07395833333333333 0.046296296296296294
0 0.5708333333333333 0.46620370370370373 0.06875 0.08611111111111111
0 0.5083333333333333 0.7245370370370371 0.041666666666666664 0.058333333333333334
0 0.31692708333333336 0.9393518518518519 0.07864583333333333 0.07314814814814814
0 0.396875 0.4310185185185185 0.021875 0.019444444444444445
12 0.43776041666666665 0.2962962962962963 0.18802083333333333 0.08703703703703704
10 0.7309895833333333 0.725 0.15677083333333333 0.2037037037037037
10 0.66875 0.8 0.03958333333333333 0.09259259259259259
5 0.7682291666666666 0.3824074074074074 0.05520833333333333 0.06296296296296296
5 0.7625 0.23703703703703705 0.05416666666666667 0.05185185185185185
5 0.721875 0.1574074074074074 0.029166666666666667 0.04814814814814815
5 0.6981770833333333 0.10046296296296296 0.033854166666666664 0.06018518518518518