4 0.36770833333333336 0.5180555555555556 0.04583333333333333 0.06759259259259259
5 0.4270833333333333 0.4046296296296296 0.042708333333333334 0.046296296296296294
5 0.34817708333333336 0.3638888888888889 0.03697916666666667 0.05185185185185185
5 0.38515625 0.3662037037037037 0.03958333333333333 0.05462962962962963
5 0.40182291666666664 0.2902777777777778 0.059895833333333336 0.05648148148148148
5 0.5041666666666667 0.35462962962962963 0.05625 0.05185185185185185
5 0.47239583333333335 0.31203703703703706 0.04479166666666667 0.06666666666666667
5 0.4630208333333333 0.2814814814814815 0.0375 0.03888888888888889
5 0.5109375 0.24351851851851852 0.035416666666666666 0.044444444444444446
5 0.51875 0.20972222222222223 0.03958333333333333 0.05648148148148148
5 0.5328125 0.10925925925925926 0.042708333333333334 0.06666666666666667
0 0.5559895833333334 0.5083333333333333 0.024479166666666666 0.03518518518518519
0 0.84140625 0.5217592592592593 0.025520833333333333 0.049074074074074076
0 0.7981770833333334 0.1388888888888889 0.021354166666666667 0.03333333333333333
0 0.7203125 0.1361111111111111 0.011458333333333333 0.018518518518518517
0 0.7630208333333334 0.45601851851851855 0.015625 0.030555555555555555
0 0.0375 0.14305555555555555 0.021875 0.019444444444444445
0 0.13567708333333334 0.17453703703703705 0.015104166666666667 0.019444444444444445
0 0.7169270833333333 0.27546296296296297 0.016145833333333335 0.028703703703703703
0 0.8158854166666667 0.38842592592592595 0.0109375 0.017592592592592594
0 0.7770833333333333 0.4027777777777778 0.013541666666666667 0.012962962962962963
0 0.76875 0.3939814814814815 0.010416666666666666 0.012037037037037037
1 0.7677083333333333 0.7379629629629629 0.017708333333333333 0.02962962962962963
1 0.0609375 0.7902777777777777 0.028125 0.023148148148148147
1 0.12395833333333334 0.7824074074074074 0.020833333333333332 0.020370370370370372
1 0.16223958333333333 0.7134259259259259 0.024479166666666666 0.019444444444444445
1 0.19192708333333333 0.7069444444444445 0.0171875 0.026851851851851852
0 0.3106770833333333 0.2796296296296296 0.0171875 0.02962962962962963