1 0.8380208333333333 0.3680555555555556 0.028125 0.013888888888888888
1 0.61953125 0.8870370370370371 0.016145833333333335 0.02962962962962963
10 0.446875 0.9333333333333333 0.020833333333333332 0.02962962962962963
5 0.39375 0.987037037037037 0.041666666666666664 0.024074074074074074
5 0.446875 0.4023148148148148 0.051041666666666666 0.05462962962962963
5 0.7658854166666667 0.31527777777777777 0.0203125 0.05648148148148148
11 0.803125 0.26481481481481484 0.09479166666666666 0.08518518518518518
0 0.9783854166666667 0.6777777777777778 0.03177083333333333 0.10740740740740741
0 0.13671875 0.8467592592592592 0.0203125 0.05462962962962963
0 0.23541666666666666 0.20972222222222223 0.008333333333333333 0.012037037037037037
3 0.43776041666666665 0.7555555555555555 0.07447916666666667 0.06666666666666667
3 0.32916666666666666 0.5027777777777778 0.08645833333333333 0.08148148148148149
3 0.2671875 0.3296296296296296 0.07291666666666667 0.08703703703703704
3 0.3690104166666667 0.26064814814814813 0.06614583333333333 0.06574074074074074
0 0.7833333333333333 0.16018518518518518 0.015625 0.012962962962962963