0 0.26796875 0.41805555555555557 0.0484375 0.09537037037037037
0 0.7635416666666667 0.05462962962962963 0.028125 0.02962962962962963
0 0.9416666666666667 0.9495370370370371 0.027083333333333334 0.05462962962962963
0 0.18723958333333332 0.6069444444444444 0.009895833333333333 0.023148148148148147
7 0.7421875 0.3925925925925926 0.034375 0.03333333333333333
3 0.1765625 0.2222222222222222 0.026041666666666668 0.08703703703703704
3 0.13984375 0.23703703703703705 0.0265625 0.07777777777777778
3 0.11067708333333333 0.3787037037037037 0.03177083333333333 0.07592592592592592
3 0.2140625 0.5324074074074074 0.04895833333333333 0.06296296296296296
3 0.22838541666666667 0.44537037037037036 0.08802083333333334 0.07777777777777778
3 0.2513020833333333 0.37453703703703706 0.044270833333333336 0.06018518518518518
3 0.13541666666666666 0.45046296296296295 0.03854166666666667 0.06574074074074074
6 0.17682291666666666 0.3712962962962963 0.0359375 0.05
6 0.04375 0.4527777777777778 0.030208333333333334 0.037037037037037035
6 0.15104166666666666 0.41574074074074074 0.03333333333333333 0.03518518518518519
12 0.045572916666666664 0.4046296296296296 0.028645833333333332 0.03148148148148148