9 0.5408854166666667 0.16527777777777777 0.1359375 0.13796296296296295
9 0.625 0.4101851851851852 0.12291666666666666 0.14629629629629629
9 0.79453125 0.3851851851851852 0.07760416666666667 0.10555555555555556
9 0.740625 0.42592592592592593 0.07708333333333334 0.06851851851851852
9 0.746875 0.18518518518518517 0.065625 0.11851851851851852
9 0.88671875 0.4648148148148148 0.0390625 0.08333333333333333
0 0.8190104166666666 0.6263888888888889 0.0671875 0.06574074074074074
0 0.9309895833333334 0.750462962962963 0.06822916666666666 0.049074074074074076
0 0.8083333333333333 0.912962962962963 0.065625 0.053703703703703705
0 0.7953125 0.9722222222222222 0.058333333333333334 0.053703703703703705
0 0.9494791666666667 0.8601851851851852 0.035416666666666666 0.040740740740740744