0 0.13151041666666666 0.6916666666666667 0.08489583333333334 0.07222222222222222
0 0.03177083333333333 0.7222222222222222 0.022916666666666665 0.06296296296296296
0 0.015104166666666667 0.8708333333333333 0.030208333333333334 0.04537037037037037
0 0.14817708333333332 0.8537037037037037 0.030729166666666665 0.053703703703703705
0 0.36614583333333334 0.7861111111111111 0.09791666666666667 0.13518518518518519
0 0.53203125 0.9337962962962963 0.059895833333333336 0.06018518518518518
0 0.6596354166666667 0.937962962962963 0.0578125 0.06296296296296296
0 0.61640625 0.9546296296296296 0.0390625 0.037037037037037035
0 0.7078125 0.6592592592592592 0.026041666666666668 0.03333333333333333
0 0.9760416666666667 0.5611111111111111 0.046875 0.040740740740740744
0 0.7630208333333334 0.8212962962962963 0.021875 0.05925925925925926
0 0.95 0.9 0.05416666666666667 0.05925925925925926
0 0.9364583333333333 0.9782407407407407 0.046875 0.041666666666666664
0 0.984375 0.9657407407407408 0.030208333333333334 0.046296296296296294
10 0.93671875 0.9259259259259259 0.04635416666666667 0.040740740740740744
2 0.7208333333333333 0.575925925925926 0.03854166666666667 0.12407407407407407
0 0.8424479166666666 0.44351851851851853 0.022395833333333334 0.014814814814814815