8 0.5549479166666667 0.9157407407407407 0.0234375 0.014814814814814815
8 0.53203125 0.9120370370370371 0.024479166666666666 0.012962962962962963
8 0.5369791666666667 0.8833333333333333 0.027083333333333334 0.012962962962962963
8 0.5190104166666667 0.8703703703703703 0.022395833333333334 0.011111111111111112
8 0.5088541666666667 0.9023148148148148 0.025 0.012037037037037037
8 0.49921875 0.8837962962962963 0.027604166666666666 0.01574074074074074
8 0.4666666666666667 0.8763888888888889 0.023958333333333335 0.012037037037037037
8 0.47317708333333336 0.8939814814814815 0.019270833333333334 0.010185185185185186
8 0.4044270833333333 0.8342592592592593 0.0203125 0.011111111111111112
8 0.39296875 0.8472222222222222 0.015104166666666667 0.009259259259259259
8 0.38671875 0.8296296296296296 0.0140625 0.014814814814814815
8 0.31588541666666664 0.8060185185185185 0.013020833333333334 0.008333333333333333
1 0.6033854166666667 0.9745370370370371 0.027604166666666666 0.012037037037037037
7 0.58515625 0.8263888888888888 0.018229166666666668 0.025
0 0.6291666666666667 0.9212962962962963 0.09583333333333334 0.13518518518518519
0 0.08385416666666666 0.5199074074074074 0.059375 0.058333333333333334
0 0.6520833333333333 0.2800925925925926 0.07291666666666667 0.05648148148148148
0 0.16197916666666667 0.12546296296296297 0.01875 0.026851851851851852
0 0.9229166666666667 0.04351851851851852 0.10729166666666666 0.08703703703703704
0 0.9893229166666667 0.7722222222222223 0.0203125 0.04259259259259259
12 0.725 0.6962962962962963 0.03854166666666667 0.03333333333333333
12 0.71640625 0.49675925925925923 0.03177083333333333 0.03981481481481482
12 0.7411458333333333 0.5958333333333333 0.027083333333333334 0.032407407407407406
1 0.005989583333333334 0.6300925925925925 0.011979166666666667 0.017592592592592594