0 0.0515625 0.42916666666666664 0.020833333333333332 0.017592592592592594
0 0.16223958333333333 0.55 0.0140625 0.012962962962962963
0 0.21614583333333334 0.5425925925925926 0.023958333333333335 0.016666666666666666
0 0.28203125 0.47175925925925927 0.028645833333333332 0.025
0 0.21223958333333334 0.36574074074074076 0.018229166666666668 0.011111111111111112
0 0.55703125 0.7185185185185186 0.021354166666666667 0.024074074074074074
0 0.5479166666666667 0.34305555555555556 0.019791666666666666 0.021296296296296296
0 0.5924479166666666 0.07685185185185185 0.0171875 0.018518518518518517
0 0.7307291666666667 0.04212962962962963 0.026041666666666668 0.025
0 0.75703125 0.08657407407407407 0.021354166666666667 0.013888888888888888
0 0.9557291666666666 0.06435185185185185 0.040625 0.030555555555555555
0 0.9575520833333333 0.5972222222222222 0.0265625 0.022222222222222223
10 0.8919270833333334 0.6240740740740741 0.025520833333333333 0.05
10 0.24895833333333334 0.7282407407407407 0.059375 0.03796296296296296