1 0.7325520833333333 0.7462962962962963 0.03177083333333333 0.037037037037037035
3 0.63046875 0.7976851851851852 0.10572916666666667 0.08796296296296297
3 0.5057291666666667 0.7305555555555555 0.052083333333333336 0.07592592592592592
3 0.35182291666666665 0.7157407407407408 0.0546875 0.07592592592592592
3 0.31927083333333334 0.7074074074074074 0.04375 0.05555555555555555
3 0.0171875 0.41898148148148145 0.021875 0.05092592592592592
3 0.07552083333333333 0.4375 0.03125 0.0712962962962963
3 0.21640625 0.3074074074074074 0.0296875 0.06666666666666667
3 0.23671875 0.3236111111111111 0.033854166666666664 0.05648148148148148
3 0.17604166666666668 0.5101851851851852 0.028125 0.05925925925925926
3 0.13958333333333334 0.5287037037037037 0.015625 0.05555555555555555
3 0.125 0.6907407407407408 0.019791666666666666 0.06296296296296296
3 0.04921875 0.5472222222222223 0.0109375 0.05
6 0.1546875 0.42824074074074076 0.03333333333333333 0.03981481481481482
3 0.19036458333333334 0.4050925925925926 0.022395833333333334 0.062037037037037036
0 0.8028645833333333 0.8902777777777777 0.04739583333333333 0.08796296296296297
0 0.8984375 0.49166666666666664 0.015625 0.020370370370370372
0 0.88359375 0.4847222222222222 0.011979166666666667 0.013888888888888888
0 0.36770833333333336 0.7703703703703704 0.022916666666666665 0.025925925925925925