11 0.66640625 0.07546296296296297 0.05572916666666667 0.049074074074074076
3 0.44869791666666664 0.2273148148148148 0.12239583333333333 0.10092592592592593
3 0.346875 0.3300925925925926 0.090625 0.10833333333333334
3 0.24427083333333333 0.32407407407407407 0.10416666666666667 0.07222222222222222
3 0.21614583333333334 0.49074074074074076 0.11458333333333333 0.10925925925925926
3 0.24583333333333332 0.39351851851851855 0.10833333333333334 0.1259259259259259
3 0.2947916666666667 0.39490740740740743 0.059375 0.08611111111111111
3 0.15572916666666667 0.36018518518518516 0.042708333333333334 0.13518518518518519
3 0.05625 0.7398148148148148 0.1125 0.26851851851851855
0 0.15390625 0.2125 0.0390625 0.05462962962962963
0 0.3190104166666667 0.022685185185185187 0.0296875 0.04351851851851852