11 0.7908854166666667 0.7472222222222222 0.0484375 0.05
6 0.4921875 0.4148148148148148 0.042708333333333334 0.07222222222222222
12 0.49635416666666665 0.49166666666666664 0.020833333333333332 0.06296296296296296
4 0.7838541666666666 0.5856481481481481 0.026041666666666668 0.09166666666666666
4 0.6049479166666667 0.562962962962963 0.05572916666666667 0.09259259259259259
4 0.9515625 0.4537037037037037 0.04583333333333333 0.10740740740740741
4 0.7369791666666666 0.7351851851851852 0.07395833333333333 0.07222222222222222
5 0.8791666666666667 0.7560185185185185 0.065625 0.07685185185185185
5 0.6747395833333333 0.46064814814814814 0.06510416666666667 0.09907407407407408
5 0.58984375 0.6453703703703704 0.058854166666666666 0.09074074074074075
5 0.6901041666666666 0.5388888888888889 0.042708333333333334 0.07314814814814814
5 0.7440104166666667 0.5587962962962963 0.05 0.0824074074074074
5 0.7580729166666667 0.30833333333333335 0.024479166666666666 0.03888888888888889
12 0.7216145833333333 0.6680555555555555 0.0765625 0.09166666666666666