2 0.9169270833333333 0.475462962962963 0.09322916666666667 0.07685185185185185
2 0.6979166666666666 0.7337962962962963 0.09270833333333334 0.07685185185185185
2 0.3390625 0.4222222222222222 0.14166666666666666 0.08888888888888889
2 0.30494791666666665 0.47314814814814815 0.0703125 0.053703703703703705
3 0.71484375 0.85 0.04010416666666667 0.06666666666666667
3 0.3138020833333333 0.36203703703703705 0.08385416666666666 0.07037037037037037
5 0.47317708333333336 0.2101851851851852 0.033854166666666664 0.09074074074074075
5 0.38385416666666666 0.3449074074074074 0.052083333333333336 0.06574074074074074
5 0.3302083333333333 0.40370370370370373 0.06875 0.06666666666666667
5 0.23098958333333333 0.5319444444444444 0.028645833333333332 0.07685185185185185
5 0.4265625 0.600925925925926 0.05520833333333333 0.06481481481481481
5 0.41458333333333336 0.6638888888888889 0.08541666666666667 0.07777777777777778
5 0.4984375 0.6203703703703703 0.06354166666666666 0.08148148148148149
3 0.7208333333333333 0.6458333333333334 0.026041666666666668 0.09166666666666666
12 0.7260416666666667 0.34814814814814815 0.030208333333333334 0.09259259259259259
5 0.52265625 0.055092592592592596 0.0515625 0.05092592592592592
5 0.5322916666666667 0.020370370370370372 0.053125 0.040740740740740744