0 0.9794270833333333 0.06018518518518518 0.0234375 0.025925925925925925
0 0.98125 0.10416666666666667 0.016666666666666666 0.023148148148148147
0 0.8552083333333333 0.1050925925925926 0.020833333333333332 0.030555555555555555
0 0.95625 0.010648148148148148 0.015625 0.021296296296296296
0 0.7682291666666666 0.08611111111111111 0.01875 0.018518518518518517
0 0.81953125 0.41898148148148145 0.1578125 0.13425925925925927
0 0.8739583333333333 0.3824074074074074 0.023958333333333335 0.024074074074074074
0 0.8682291666666667 0.27824074074074073 0.04375 0.03981481481481482
0 0.871875 0.3060185185185185 0.03958333333333333 0.049074074074074076
0 0.6546875 0.23842592592592593 0.04791666666666667 0.10648148148148148
0 0.6552083333333333 0.3013888888888889 0.04791666666666667 0.03981481481481482
0 0.6877604166666667 0.6347222222222222 0.04010416666666667 0.04351851851851852
0 0.61328125 0.6810185185185185 0.04739583333333333 0.10277777777777777
0 0.44583333333333336 0.6935185185185185 0.07916666666666666 0.06296296296296296
0 0.5375 0.5106481481481482 0.030208333333333334 0.03981481481481482
0 0.3885416666666667 0.5296296296296297 0.035416666666666666 0.03888888888888889
0 0.26484375 0.3962962962962963 0.033854166666666664 0.02962962962962963
0 0.034375 0.7458333333333333 0.06875 0.09537037037037037
0 0.07552083333333333 0.32592592592592595 0.023958333333333335 0.05
0 0.13072916666666667 0.48935185185185187 0.017708333333333333 0.023148148148148147
0 0.1875 0.15 0.027083333333333334 0.025925925925925925
0 0.45208333333333334 0.15416666666666667 0.03333333333333333 0.025
0 0.7059895833333333 0.06805555555555555 0.0171875 0.030555555555555555
0 0.9856770833333334 0.2101851851851852 0.027604166666666666 0.07037037037037037
0 0.98515625 0.5046296296296297 0.0171875 0.016666666666666666
0 0.9911458333333333 0.5296296296296297 0.016666666666666666 0.03333333333333333
0 0.74609375 0.23425925925925925 0.0109375 0.03518518518518519
0 0.15260416666666668 0.9449074074074074 0.040625 0.10833333333333334
0 0.17161458333333332 0.6939814814814815 0.0265625 0.12129629629629629
0 0.15026041666666667 0.6662037037037037 0.016145833333333335 0.023148148148148147
0 0.07369791666666667 0.17592592592592593 0.011979166666666667 0.025925925925925925
0 0.14036458333333332 0.12546296296296297 0.0296875 0.05648148148148148
0 0.18333333333333332 0.07685185185185185 0.057291666666666664 0.10555555555555556
0 0.21536458333333333 0.056018518518518516 0.027604166666666666 0.049074074074074076
0 0.13411458333333334 0.04398148148148148 0.019270833333333334 0.026851851851851852
0 0.015885416666666666 0.10787037037037037 0.0171875 0.05092592592592592
0 0.052083333333333336 0.43657407407407406 0.030208333333333334 0.03425925925925926
0 0.017708333333333333 0.5361111111111111 0.028125 0.07777777777777778
0 0.33255208333333336 0.31157407407407406 0.0234375 0.026851851851851852
0 0.37578125 0.2916666666666667 0.025520833333333333 0.027777777777777776
0 0.23463541666666668 0.39305555555555555 0.021354166666666667 0.028703703703703703
0 0.4119791666666667 0.08611111111111111 0.023958333333333335 0.027777777777777776
0 0.46875 0.3541666666666667 0.022916666666666665 0.026851851851851852
0 0.17083333333333334 0.29768518518518516 0.007291666666666667 0.012037037037037037
0 0.16276041666666666 0.33796296296296297 0.013020833333333334 0.011111111111111112
0 0.17916666666666667 0.3712962962962963 0.010416666666666666 0.012962962962962963
0 0.17265625 0.2037037037037037 0.013020833333333334 0.016666666666666666
7 0.5885416666666666 0.03518518518518519 0.017708333333333333 0.022222222222222223
0 0.44817708333333334 0.8986111111111111 0.05364583333333333 0.08796296296296297
5 0.44921875 0.8435185185185186 0.0453125 0.08703703703703704
7 0.5984375 0.9064814814814814 0.016666666666666666 0.020370370370370372
0 0.58359375 0.15 0.024479166666666666 0.025925925925925925
0 0.75546875 0.02962962962962963 0.011979166666666667 0.025925925925925925