0 0.16770833333333332 0.3712962962962963 0.026041666666666668 0.02962962962962963
0 0.6908854166666667 0.41759259259259257 0.11510416666666666 0.09259259259259259
0 0.6744791666666666 0.44907407407407407 0.08333333333333333 0.25555555555555554
0 0.6859375 0.17592592592592593 0.027083333333333334 0.05925925925925926
0 0.4635416666666667 0.7912037037037037 0.040625 0.0787037037037037
0 0.5578125 0.4685185185185185 0.06145833333333333 0.06111111111111111
0 0.19947916666666668 0.35694444444444445 0.014583333333333334 0.019444444444444445
0 0.44921875 0.6074074074074074 0.021354166666666667 0.03148148148148148
0 0.50078125 0.4023148148148148 0.0234375 0.019444444444444445
1 0.53046875 0.4305555555555556 0.05572916666666667 0.05185185185185185
7 0.5091145833333334 0.36018518518518516 0.0296875 0.02962962962962963
7 0.6041666666666666 0.4587962962962963 0.035416666666666666 0.03425925925925926
7 0.5848958333333333 0.5773148148148148 0.071875 0.15092592592592594
7 0.5942708333333333 0.9773148148148149 0.040625 0.032407407407407406
7 0.8966145833333333 0.9796296296296296 0.0390625 0.03888888888888889
10 0.33984375 0.7773148148148148 0.0109375 0.032407407407407406
8 0.6291666666666667 0.7726851851851851 0.03958333333333333 0.023148148148148147
8 0.5822916666666667 0.7893518518518519 0.041666666666666664 0.028703703703703703
8 0.6276041666666666 0.8037037037037037 0.0375 0.025925925925925925
8 0.60625 0.8356481481481481 0.019791666666666666 0.032407407407407406
8 0.5841145833333333 0.8574074074074074 0.027604166666666666 0.03148148148148148
8 0.5916666666666667 0.8763888888888889 0.025 0.023148148148148147
8 0.5697916666666667 0.9333333333333333 0.036458333333333336 0.03518518518518519
8 0.5325520833333334 0.9546296296296296 0.03177083333333333 0.025925925925925925
8 0.5401041666666667 0.9745370370370371 0.04375 0.030555555555555555
8 0.5158854166666667 0.9837962962962963 0.027604166666666666 0.019444444444444445