1 0.08307291666666666 0.4828703703703704 0.027604166666666666 0.017592592592592594
1 0.017447916666666667 0.687962962962963 0.0171875 0.016666666666666666
1 0.0515625 0.6375 0.015625 0.012037037037037037
7 0.5768229166666666 0.9634259259259259 0.030729166666666665 0.023148148148148147
8 0.35 0.6847222222222222 0.025 0.017592592592592594
8 0.2994791666666667 0.6935185185185185 0.013541666666666667 0.011111111111111112
8 0.3536458333333333 0.6981481481481482 0.021875 0.009259259259259259
8 0.4421875 0.6990740740740741 0.029166666666666667 0.018518518518518517
8 0.45026041666666666 0.6824074074074075 0.009895833333333333 0.016666666666666666
8 0.45078125 0.7217592592592592 0.0234375 0.013888888888888888
8 0.4734375 0.7356481481481482 0.025 0.013888888888888888
8 0.48385416666666664 0.7148148148148148 0.017708333333333333 0.012962962962962963
8 0.503125 0.7268518518518519 0.027083333333333334 0.014814814814814815
8 0.6174479166666667 0.8458333333333333 0.024479166666666666 0.01574074074074074
0 0.44583333333333336 0.8652777777777778 0.042708333333333334 0.030555555555555555
0 0.8703125 0.6717592592592593 0.030208333333333334 0.03981481481481482
0 0.91640625 0.3138888888888889 0.013020833333333334 0.025925925925925925
7 0.9739583333333334 0.7134259259259259 0.022916666666666665 0.03796296296296296
6 0.71640625 0.6569444444444444 0.0203125 0.041666666666666664
6 0.6979166666666666 0.6976851851851852 0.026041666666666668 0.041666666666666664
1 0.8151041666666666 0.8398148148148148 0.03125 0.02962962962962963
0 0.5703125 0.050462962962962966 0.09895833333333333 0.09907407407407408
0 0.6700520833333333 0.06527777777777778 0.019270833333333334 0.023148148148148147