7 0.6010416666666667 0.30462962962962964 0.05520833333333333 0.05925925925925926
0 0.33359375 0.663425925925926 0.1046875 0.07685185185185185
8 0.6338541666666667 0.9842592592592593 0.016666666666666666 0.011111111111111112
8 0.6296875 0.9930555555555556 0.015625 0.008333333333333333
8 0.3333333333333333 0.9208333333333333 0.01875 0.010185185185185186
8 0.403125 0.9800925925925926 0.019791666666666666 0.008333333333333333
8 0.41484375 0.9412037037037037 0.0140625 0.006481481481481481
8 0.39791666666666664 0.9199074074074074 0.01875 0.010185185185185186
8 0.4669270833333333 0.950925925925926 0.018229166666666668 0.009259259259259259
8 0.4588541666666667 0.9722222222222222 0.013541666666666667 0.009259259259259259
8 0.5354166666666667 0.9555555555555556 0.016666666666666666 0.007407407407407408
8 0.26276041666666666 0.9597222222222223 0.0234375 0.008333333333333333
1 0.7981770833333334 0.8212962962962963 0.0265625 0.014814814814814815