3 0.42265625 0.3712962962962963 0.05572916666666667 0.09259259259259259
3 0.3536458333333333 0.28194444444444444 0.07708333333333334 0.06574074074074074
3 0.29661458333333335 0.33564814814814814 0.0609375 0.06018518518518518
3 0.25885416666666666 0.22407407407407406 0.041666666666666664 0.08148148148148149
3 0.20546875 0.14629629629629629 0.04635416666666667 0.06111111111111111
3 0.2708333333333333 0.5319444444444444 0.04375 0.0787037037037037
3 0.33645833333333336 0.5810185185185185 0.07083333333333333 0.06388888888888888
3 0.253125 0.700462962962963 0.06770833333333333 0.05648148148148148
3 0.2046875 0.6902777777777778 0.05416666666666667 0.05092592592592592
3 0.17708333333333334 0.6310185185185185 0.03854166666666667 0.062037037037037036
3 0.1171875 0.5513888888888889 0.023958333333333335 0.058333333333333334
3 0.22447916666666667 0.45787037037037037 0.06770833333333333 0.06388888888888888
3 0.16796875 0.5708333333333333 0.0296875 0.06574074074074074
3 0.16666666666666666 0.4708333333333333 0.034375 0.049074074074074076
3 0.18697916666666667 0.29398148148148145 0.026041666666666668 0.05092592592592592
3 0.17421875 0.30694444444444446 0.019270833333333334 0.05092592592592592
0 0.49765625 0.006944444444444444 0.0109375 0.013888888888888888
0 0.33671875 0.2125 0.021354166666666667 0.028703703703703703
12 0.18671875 0.7310185185185185 0.018229166666666668 0.010185185185185186
12 0.15052083333333333 0.5083333333333333 0.017708333333333333 0.046296296296296294