5 0.3455729166666667 0.8680555555555556 0.14739583333333334 0.1287037037037037
5 0.70234375 0.850925925925926 0.0765625 0.09259259259259259
6 0.7083333333333334 0.8134259259259259 0.042708333333333334 0.04537037037037037
10 0.63671875 0.75 0.07135416666666666 0.037037037037037035
10 0.4635416666666667 0.9703703703703703 0.05520833333333333 0.037037037037037035
11 0.8236979166666667 0.6277777777777778 0.06197916666666667 0.06296296296296296
11 0.81171875 0.6791666666666667 0.05572916666666667 0.04722222222222222
10 0.85234375 0.7717592592592593 0.021354166666666667 0.04722222222222222
0 0.9286458333333333 0.8643518518518518 0.040625 0.07314814814814814
0 0.07473958333333333 0.836574074074074 0.04739583333333333 0.06574074074074074
0 0.22708333333333333 0.9041666666666667 0.022916666666666665 0.023148148148148147
0 0.6059895833333333 0.03981481481481482 0.027604166666666666 0.07962962962962963
0 0.9223958333333333 0.587037037037037 0.01875 0.02962962962962963
0 0.95859375 0.5708333333333333 0.019270833333333334 0.017592592592592594
0 0.321875 0.44305555555555554 0.021875 0.032407407407407406
1 0.29375 0.9555555555555556 0.020833333333333332 0.02962962962962963
0 0.8380208333333333 0.7689814814814815 0.008333333333333333 0.030555555555555555
0 0.80859375 0.41203703703703703 0.011979166666666667 0.03796296296296296
0 0.5497395833333333 0.6523148148148148 0.021354166666666667 0.018518518518518517
12 0.7690104166666667 0.6356481481481482 0.0171875 0.03611111111111111