1 0.13177083333333334 0.5958333333333333 0.022916666666666665 0.010185185185185186
0 0.09192708333333334 0.39166666666666666 0.07239583333333334 0.14814814814814814
0 0.484375 0.10833333333333334 0.052083333333333336 0.02962962962962963
11 0.8177083333333334 0.6537037037037037 0.04895833333333333 0.037037037037037035
11 0.73046875 0.5847222222222223 0.04114583333333333 0.06759259259259259
11 0.73984375 0.6555555555555556 0.05677083333333333 0.04259259259259259
8 0.4786458333333333 0.8870370370370371 0.022916666666666665 0.012962962962962963
8 0.47109375 0.8949074074074074 0.0203125 0.012037037037037037
8 0.46953125 0.9064814814814814 0.021354166666666667 0.012962962962962963
8 0.44583333333333336 0.9791666666666666 0.022916666666666665 0.008333333333333333
7 0.4505208333333333 0.9902777777777778 0.01875 0.017592592592592594
8 0.5325520833333334 0.9513888888888888 0.021354166666666667 0.010185185185185186
8 0.5651041666666666 0.9777777777777777 0.019791666666666666 0.012962962962962963
8 0.56640625 0.9226851851851852 0.016145833333333335 0.012037037037037037
8 0.5455729166666666 0.913425925925926 0.015104166666666667 0.012037037037037037
8 0.5744791666666667 0.9550925925925926 0.016666666666666666 0.012037037037037037
8 0.4901041666666667 0.9273148148148148 0.01875 0.010185185185185186
8 0.62421875 0.9601851851851851 0.0171875 0.011111111111111112
8 0.5135416666666667 0.912962962962963 0.015625 0.014814814814814815