3 0.6416666666666667 0.5712962962962963 0.09270833333333334 0.09444444444444444
3 0.38333333333333336 0.8236111111111111 0.059375 0.04722222222222222
5 0.7088541666666667 0.24953703703703703 0.10416666666666667 0.1824074074074074
5 0.7966145833333333 0.4759259259259259 0.0734375 0.12962962962962962
5 0.5752604166666667 0.274537037037037 0.10364583333333334 0.14537037037037037
5 0.38307291666666665 0.6787037037037037 0.10052083333333334 0.17962962962962964
5 0.20416666666666666 0.9393518518518519 0.13229166666666667 0.11944444444444445
5 0.046614583333333334 0.9212962962962963 0.09322916666666667 0.15555555555555556
5 0.26145833333333335 0.3282407407407407 0.058333333333333334 0.08425925925925926
5 0.31666666666666665 0.2518518518518518 0.027083333333333334 0.10740740740740741
5 0.5643229166666667 0.038425925925925926 0.09635416666666667 0.07685185185185185
5 0.3875 0.02962962962962963 0.05520833333333333 0.05925925925925926
11 0.51015625 0.24953703703703703 0.09010416666666667 0.0824074074074074
5 0.115625 0.6462962962962963 0.030208333333333334 0.05925925925925926
5 0.03515625 0.6675925925925926 0.022395833333333334 0.08888888888888889