11 0.5984375 0.837037037037037 0.090625 0.1
3 0.6989583333333333 0.25601851851851853 0.090625 0.09537037037037037
3 0.46770833333333334 0.5 0.07083333333333333 0.07407407407407407
3 0.5265625 0.4027777777777778 0.09270833333333334 0.08888888888888889
3 0.4390625 0.7949074074074074 0.05625 0.08611111111111111
0 0.37265625 0.6967592592592593 0.1765625 0.15092592592592594
0 0.17421875 0.8981481481481481 0.08385416666666666 0.12222222222222222
0 0.06432291666666666 0.7671296296296296 0.0359375 0.05648148148148148
0 0.47682291666666665 0.8648148148148148 0.0390625 0.05740740740740741
12 0.7598958333333333 0.1037037037037037 0.016666666666666666 0.06666666666666667
12 0.7377604166666667 0.0587962962962963 0.0234375 0.041666666666666664
10 0.3026041666666667 0.9518518518518518 0.029166666666666667 0.024074074074074074
1 0.34375 0.9601851851851851 0.025 0.022222222222222223