2 0.5182291666666666 0.8157407407407408 0.5375 0.36666666666666664
0 0.2682291666666667 0.7199074074074074 0.03229166666666667 0.028703703703703703
0 0.17083333333333334 0.8634259259259259 0.03854166666666667 0.03425925925925926
0 0.12213541666666666 0.5648148148148148 0.03177083333333333 0.03518518518518519
0 0.12057291666666667 0.5486111111111112 0.027604166666666666 0.019444444444444445
0 0.14453125 0.4828703703703704 0.028645833333333332 0.04537037037037037
0 0.14817708333333332 0.5018518518518519 0.0171875 0.016666666666666666
0 0.128125 0.9356481481481481 0.020833333333333332 0.023148148148148147
0 0.028645833333333332 0.2726851851851852 0.028125 0.026851851851851852
0 0.16510416666666666 0.15185185185185185 0.03125 0.03333333333333333
0 0.196875 0.2828703703703704 0.020833333333333332 0.017592592592592594
0 0.19869791666666667 0.3726851851851852 0.022395833333333334 0.025
0 0.16328125 0.33564814814814814 0.018229166666666668 0.026851851851851852
0 0.15885416666666666 0.3439814814814815 0.014583333333333334 0.023148148148148147
0 0.1484375 0.42083333333333334 0.0125 0.03611111111111111
0 0.3138020833333333 0.3421296296296296 0.0234375 0.023148148148148147
0 0.23958333333333334 0.3416666666666667 0.025 0.02962962962962963
0 0.22734375 0.3453703703703704 0.018229166666666668 0.020370370370370372
0 0.21848958333333332 0.45185185185185184 0.019270833333333334 0.024074074074074074
0 0.42890625 0.5032407407407408 0.030729166666666665 0.03425925925925926
0 0.3567708333333333 0.5356481481481481 0.023958333333333335 0.019444444444444445
0 0.375 0.5578703703703703 0.016666666666666666 0.023148148148148147
0 0.43046875 0.33935185185185185 0.05364583333333333 0.03981481481481482
0 0.5 0.2652777777777778 0.03854166666666667 0.041666666666666664
0 0.31666666666666665 0.4162037037037037 0.026041666666666668 0.023148148148148147
0 0.3333333333333333 0.3921296296296296 0.01875 0.025
0 0.35572916666666665 0.32407407407407407 0.022916666666666665 0.03333333333333333
0 0.46510416666666665 0.42916666666666664 0.020833333333333332 0.021296296296296296
0 0.5828125 0.39537037037037037 0.01875 0.03518518518518519
0 0.24947916666666667 0.2601851851851852 0.022916666666666665 0.016666666666666666
0 0.3223958333333333 0.13564814814814816 0.015625 0.032407407407407406
0 0.36666666666666664 0.2023148148148148 0.017708333333333333 0.023148148148148147
0 0.2546875 0.013888888888888888 0.020833333333333332 0.018518518518518517
0 0.17916666666666667 0.021296296296296296 0.013541666666666667 0.016666666666666666
0 0.20338541666666668 0.09305555555555556 0.022395833333333334 0.013888888888888888
0 0.20833333333333334 0.08472222222222223 0.008333333333333333 0.01574074074074074
0 0.03984375 0.09398148148148149 0.019270833333333334 0.013888888888888888
0 0.007552083333333333 0.1486111111111111 0.015104166666666667 0.013888888888888888
0 0.07942708333333333 0.17222222222222222 0.008854166666666666 0.012962962962962963
0 0.6072916666666667 0.2412037037037037 0.03854166666666667 0.049074074074074076
0 0.6682291666666667 0.21805555555555556 0.028125 0.032407407407407406
0 0.7536458333333333 0.19537037037037036 0.04375 0.05
0 0.6919270833333333 0.012962962962962963 0.0515625 0.025925925925925925
0 0.7903645833333334 0.01898148148148148 0.0796875 0.03796296296296296
0 0.84375 0.08657407407407407 0.03958333333333333 0.032407407407407406
0 0.85546875 0.15601851851851853 0.027604166666666666 0.03796296296296296
0 0.7283854166666667 0.4185185185185185 0.011979166666666667 0.011111111111111112
0 0.13177083333333334 0.04675925925925926 0.0125 0.01574074074074074
0 0.84921875 0.3333333333333333 0.08802083333333334 0.09074074074074075
0 0.006510416666666667 0.4842592592592593 0.013020833333333334 0.027777777777777776
0 0.0067708333333333336 0.4699074074074074 0.013541666666666667 0.013888888888888888
12 0.06041666666666667 0.5027777777777778 0.010416666666666666 0.037037037037037035
5 0.7153645833333333 0.30648148148148147 0.06614583333333333 0.13703703703703704
5 0.6263020833333334 0.5819444444444445 0.034895833333333334 0.0824074074074074
5 0.53984375 0.5189814814814815 0.0609375 0.06388888888888888
5 0.5166666666666667 0.549537037037037 0.029166666666666667 0.0712962962962963
5 0.6486979166666667 0.649537037037037 0.03177083333333333 0.04722222222222222
5 0.8388020833333333 0.8837962962962963 0.04739583333333333 0.23055555555555557
12 0.18828125 0.6287037037037037 0.0067708333333333336 0.018518518518518517
12 0.15677083333333333 0.6898148148148148 0.010416666666666666 0.014814814814814815
12 0.14375 0.7194444444444444 0.011458333333333333 0.014814814814814815
12 0.18645833333333334 0.44212962962962965 0.00625 0.017592592592592594
12 0.171875 0.4444444444444444 0.005208333333333333 0.012962962962962963
12 0.19088541666666667 0.3425925925925926 0.0067708333333333336 0.009259259259259259
12 0.17734375 0.32546296296296295 0.013020833333333334 0.017592592592592594
12 0.2609375 0.05092592592592592 0.009375 0.011111111111111112
12 0.6640625 0.044444444444444446 0.00625 0.022222222222222223
12 0.6783854166666666 0.05185185185185185 0.009895833333333333 0.009259259259259259
12 0.7106770833333333 0.1814814814814815 0.009895833333333333 0.018518518518518517
12 0.71796875 0.15138888888888888 0.008854166666666666 0.017592592592592594
12 0.7 0.1625 0.005208333333333333 0.017592592592592594
12 0.7447916666666666 0.48333333333333334 0.00625 0.020370370370370372
12 0.7216145833333333 0.4273148148148148 0.005729166666666666 0.012037037037037037
12 0.71796875 0.4074074074074074 0.0046875 0.007407407407407408
12 0.73984375 0.4212962962962963 0.0036458333333333334 0.014814814814814815
12 0.74609375 0.4222222222222222 0.0036458333333333334 0.012962962962962963
12 0.6854166666666667 0.09861111111111111 0.007291666666666667 0.008333333333333333
12 0.7057291666666666 0.12129629629629629 0.007291666666666667 0.011111111111111112
12 0.6973958333333333 0.11481481481481481 0.00625 0.009259259259259259
12 0.75078125 0.324537037037037 0.008854166666666666 0.01574074074074074
5 0.9072916666666667 0.2796296296296296 0.046875 0.12777777777777777
0 0.8963541666666667 0.9787037037037037 0.06875 0.040740740740740744
0 0.9708333333333333 0.8328703703703704 0.020833333333333332 0.021296296296296296