0 0.4669270833333333 0.48148148148148145 0.0671875 0.09444444444444444
0 0.12760416666666666 0.4041666666666667 0.025 0.025
0 0.02265625 0.8305555555555556 0.0453125 0.040740740740740744
0 0.017708333333333333 0.9606481481481481 0.035416666666666666 0.030555555555555555
0 0.06979166666666667 0.32314814814814813 0.016666666666666666 0.024074074074074074
0 0.15390625 0.3435185185185185 0.013020833333333334 0.012962962962962963
0 0.19114583333333332 0.49212962962962964 0.015625 0.030555555555555555
0 0.2955729166666667 0.8490740740740741 0.016145833333333335 0.06111111111111111
0 0.24505208333333334 0.18518518518518517 0.018229166666666668 0.020370370370370372
0 0.07265625 0.03981481481481482 0.013020833333333334 0.02962962962962963
0 0.7625 0.6986111111111111 0.022916666666666665 0.032407407407407406
0 0.94765625 0.7638888888888888 0.03177083333333333 0.046296296296296294
10 0.7455729166666667 0.5694444444444444 0.043229166666666666 0.06296296296296296
10 0.95625 0.7282407407407407 0.0375 0.025
0 0.09713541666666667 0.4949074074074074 0.018229166666666668 0.058333333333333334