11 0.7434895833333334 0.7125 0.0609375 0.062037037037037036
1 0.13151041666666666 0.42453703703703705 0.027604166666666666 0.06944444444444445
1 0.15364583333333334 0.4074074074074074 0.028125 0.03333333333333333
1 0.29296875 0.4486111111111111 0.018229166666666668 0.017592592592592594
1 0.3455729166666667 0.6027777777777777 0.019270833333333334 0.022222222222222223
1 0.28203125 0.5069444444444444 0.018229166666666668 0.013888888888888888
1 0.2713541666666667 0.6074074074074074 0.009375 0.020370370370370372
1 0.26067708333333334 0.6546296296296297 0.016145833333333335 0.022222222222222223
1 0.46067708333333335 0.6328703703703704 0.0067708333333333336 0.028703703703703703
1 0.005729166666666666 0.7555555555555555 0.011458333333333333 0.022222222222222223
1 0.011197916666666667 0.8069444444444445 0.018229166666666668 0.013888888888888888
1 0.03203125 0.5703703703703704 0.019270833333333334 0.016666666666666666
10 0.7364583333333333 0.7620370370370371 0.020833333333333332 0.04259259259259259
5 0.74921875 0.34629629629629627 0.03177083333333333 0.06111111111111111