0 0.19088541666666667 0.4625 0.06822916666666666 0.05648148148148148
0 0.036458333333333336 0.6703703703703704 0.07291666666666667 0.06481481481481481
1 0.13984375 0.1986111111111111 0.016145833333333335 0.05462962962962963
1 0.18307291666666667 0.500462962962963 0.022395833333333334 0.010185185185185186
1 0.16328125 0.6370370370370371 0.016145833333333335 0.011111111111111112
8 0.4283854166666667 0.8662037037037037 0.028645833333333332 0.01574074074074074
8 0.42135416666666664 0.9064814814814814 0.01875 0.012962962962962963
8 0.4440104166666667 0.8981481481481481 0.021354166666666667 0.012962962962962963
8 0.4666666666666667 0.8921296296296296 0.023958333333333335 0.012037037037037037
8 0.4869791666666667 0.9416666666666667 0.01875 0.012962962962962963
8 0.5013020833333334 0.924537037037037 0.021354166666666667 0.013888888888888888
8 0.49765625 0.9120370370370371 0.018229166666666668 0.012962962962962963
8 0.52734375 0.9694444444444444 0.0234375 0.018518518518518517
8 0.54375 0.9347222222222222 0.019791666666666666 0.012037037037037037
8 0.5580729166666667 0.950925925925926 0.0203125 0.016666666666666666
8 0.596875 0.9388888888888889 0.014583333333333334 0.011111111111111112
8 0.5765625 0.9601851851851851 0.020833333333333332 0.014814814814814815
8 0.5955729166666667 0.9537037037037037 0.0203125 0.011111111111111112
8 0.6111979166666667 0.9550925925925926 0.0140625 0.013888888888888888
8 0.6403645833333333 0.9592592592592593 0.018229166666666668 0.016666666666666666
8 0.6408854166666667 0.9708333333333333 0.018229166666666668 0.019444444444444445
8 0.5854166666666667 0.9717592592592592 0.027083333333333334 0.021296296296296296
8 0.6140625 0.9921296296296296 0.021875 0.012037037037037037
8 0.6578125 0.9587962962962963 0.013541666666666667 0.01574074074074074
6 0.7208333333333333 0.4162037037037037 0.017708333333333333 0.04351851851851852
12 0.7911458333333333 0.49398148148148147 0.01875 0.04351851851851852