6 0.37083333333333335 0.5263888888888889 0.026041666666666668 0.05462962962962963
11 0.40390625 0.5324074074074074 0.049479166666666664 0.05925925925925926
11 0.6994791666666667 0.4722222222222222 0.078125 0.10185185185185185
6 0.7731770833333333 0.39305555555555555 0.04635416666666667 0.06944444444444445
3 0.8018229166666667 0.4842592592592593 0.0265625 0.06296296296296296
3 0.80625 0.300462962962963 0.06875 0.075
3 0.765625 0.5712962962962963 0.05 0.04814814814814815
3 0.30755208333333334 0.5578703703703703 0.025520833333333333 0.062037037037037036
0 0.4744791666666667 0.7694444444444445 0.09583333333333334 0.08148148148148149
0 0.6638020833333333 0.961574074074074 0.06822916666666666 0.075
0 0.09713541666666667 0.9425925925925925 0.0234375 0.1