8 0.43828125 0.6708333333333333 0.019270833333333334 0.012037037037037037
8 0.3854166666666667 0.7199074074074074 0.022916666666666665 0.010185185185185186
8 0.40520833333333334 0.6967592592592593 0.014583333333333334 0.010185185185185186
8 0.4197916666666667 0.6787037037037037 0.016666666666666666 0.018518518518518517
8 0.4005208333333333 0.687037037037037 0.015625 0.011111111111111112
8 0.35625 0.7671296296296296 0.019791666666666666 0.010185185185185186
8 0.3692708333333333 0.7796296296296297 0.020833333333333332 0.011111111111111112
8 0.3606770833333333 0.7967592592592593 0.0171875 0.013888888888888888
8 0.3932291666666667 0.8050925925925926 0.01875 0.010185185185185186
10 0.42630208333333336 0.7902777777777777 0.03697916666666667 0.021296296296296296
7 0.44583333333333336 0.8296296296296296 0.01875 0.016666666666666666
1 0.33203125 0.4351851851851852 0.0609375 0.03518518518518519
0 0.4296875 0.462037037037037 0.09583333333333334 0.08518518518518518
0 0.43515625 0.15324074074074073 0.0171875 0.030555555555555555
0 0.9361979166666666 0.95 0.0515625 0.046296296296296294
0 0.7778645833333333 0.5652777777777778 0.013020833333333334 0.021296296296296296
0 0.8278645833333333 0.5425925925925926 0.016145833333333335 0.011111111111111112
0 0.8434895833333333 0.4930555555555556 0.016145833333333335 0.019444444444444445
2 0.7 0.3814814814814815 0.029166666666666667 0.06851851851851852
2 0.7171875 0.45416666666666666 0.03125 0.0787037037037037
6 0.746875 0.48518518518518516 0.0375 0.044444444444444446