5 0.35052083333333334 0.0412037037037037 0.04479166666666667 0.0824074074074074
5 0.3963541666666667 0.19444444444444445 0.0625 0.07037037037037037
5 0.5364583333333334 0.33425925925925926 0.035416666666666666 0.06481481481481481
5 0.48776041666666664 0.38981481481481484 0.058854166666666666 0.062037037037037036
5 0.42291666666666666 0.3712962962962963 0.04791666666666667 0.07407407407407407
5 0.39947916666666666 0.3800925925925926 0.04375 0.05648148148148148
5 0.41510416666666666 0.3296296296296296 0.036458333333333336 0.05
5 0.4471354166666667 0.3263888888888889 0.044270833333333336 0.049074074074074076
5 0.48020833333333335 0.3194444444444444 0.053125 0.05555555555555555
5 0.4859375 0.2902777777777778 0.04479166666666667 0.05092592592592592
6 0.8080729166666667 0.6569444444444444 0.018229166666666668 0.03611111111111111