0 0.3763020833333333 0.15833333333333333 0.024479166666666666 0.026851851851851852
0 0.0921875 0.36944444444444446 0.015104166666666667 0.012037037037037037
0 0.30416666666666664 0.47685185185185186 0.019270833333333334 0.021296296296296296
0 0.39791666666666664 0.5138888888888888 0.025 0.017592592592592594
0 0.45338541666666665 0.5847222222222223 0.026041666666666668 0.020370370370370372
0 0.5833333333333334 0.25416666666666665 0.021354166666666667 0.024074074074074074
0 0.8231770833333333 0.5407407407407407 0.0234375 0.03981481481481482
0 0.9104166666666667 0.5481481481481482 0.015104166666666667 0.012962962962962963
10 0.6877604166666667 0.7972222222222223 0.03697916666666667 0.030555555555555555
10 0.7044270833333334 0.8490740740740741 0.0359375 0.03148148148148148
0 0.7875 0.8342592592592593 0.0078125 0.05185185185185185