10 0.7739583333333333 0.9787037037037037 0.042708333333333334 0.040740740740740744
10 0.35234375 0.8606481481481482 0.05364583333333333 0.030555555555555555
10 0.15911458333333334 0.9393518518518519 0.04114583333333333 0.05277777777777778
2 0.40546875 0.9490740740740741 0.03802083333333333 0.06481481481481481
6 0.5692708333333333 0.9648148148148148 0.046875 0.06851851851851852
0 0.6484375 0.8162037037037037 0.03854166666666667 0.04722222222222222
0 0.765625 0.7467592592592592 0.026041666666666668 0.030555555555555555
0 0.6666666666666666 0.7194444444444444 0.019791666666666666 0.03518518518518519
0 0.7760416666666666 0.3939814814814815 0.013541666666666667 0.012037037037037037
0 0.86953125 0.35185185185185186 0.015104166666666667 0.012962962962962963
12 0.09375 0.32546296296296295 0.023958333333333335 0.023148148148148147