11 0.3255208333333333 0.27546296296296297 0.13333333333333333 0.15092592592592594
3 0.8044270833333333 0.21712962962962962 0.027604166666666666 0.062037037037037036
3 0.90546875 0.04212962962962963 0.030729166666666665 0.06388888888888888
3 0.9473958333333333 0.2912037037037037 0.026041666666666668 0.06574074074074074
2 0.9619791666666667 0.7078703703703704 0.075 0.07314814814814814
2 0.97265625 0.7796296296296297 0.05364583333333333 0.06111111111111111
2 0.9611979166666667 0.9097222222222222 0.0765625 0.10092592592592593
2 0.7966145833333333 0.9365740740740741 0.07760416666666667 0.09351851851851851
2 0.7458333333333333 0.9291666666666667 0.06354166666666666 0.10277777777777777
2 0.72734375 0.8736111111111111 0.022395833333333334 0.13425925925925927
2 0.6513020833333333 0.8842592592592593 0.1015625 0.1425925925925926
2 0.61875 0.9773148148148149 0.07291666666666667 0.04351851851851852
2 0.44114583333333335 0.9097222222222222 0.115625 0.08425925925925926
2 0.32369791666666664 0.899074074074074 0.06510416666666667 0.1685185185185185
2 0.40703125 0.9490740740740741 0.10260416666666666 0.1
5 0.3307291666666667 0.44212962962962965 0.053125 0.06759259259259259
5 0.3072916666666667 0.4648148148148148 0.058333333333333334 0.08148148148148149
5 0.2669270833333333 0.45 0.0484375 0.06481481481481481
5 0.22942708333333334 0.4388888888888889 0.05572916666666667 0.08333333333333333
5 0.2515625 0.36527777777777776 0.06770833333333333 0.10277777777777777
5 0.5872395833333334 0.10277777777777777 0.07239583333333334 0.11296296296296296
6 0.76484375 0.25833333333333336 0.033854166666666664 0.09444444444444444
6 0.8158854166666667 0.18009259259259258 0.03177083333333333 0.08981481481481482
6 0.36484375 0.12129629629629629 0.028645833333333332 0.1037037037037037
6 0.3046875 0.05694444444444444 0.016666666666666666 0.0712962962962963
6 0.18098958333333334 0.3787037037037037 0.011979166666666667 0.05