1 0.25078125 0.38842592592592595 0.04635416666666667 0.03611111111111111
1 0.2671875 0.4337962962962963 0.023958333333333335 0.019444444444444445
1 0.18203125 0.4222222222222222 0.022395833333333334 0.018518518518518517
1 0.1 0.3101851851851852 0.023958333333333335 0.016666666666666666
1 0.14765625 0.5768518518518518 0.0171875 0.018518518518518517
1 0.07005208333333333 0.6263888888888889 0.015104166666666667 0.01574074074074074
1 0.040364583333333336 0.4513888888888889 0.009895833333333333 0.012037037037037037
1 0.04244791666666667 0.3939814814814815 0.0067708333333333336 0.012037037037037037
12 0.12135416666666667 0.2875 0.009375 0.06388888888888888
12 0.17239583333333333 0.11805555555555555 0.009375 0.010185185185185186
12 0.20572916666666666 0.055092592592592596 0.009375 0.01574074074074074
12 0.19765625 0.09907407407407408 0.008854166666666666 0.014814814814814815
12 0.20390625 0.0763888888888889 0.0078125 0.012037037037037037
12 0.19244791666666666 0.07592592592592592 0.0078125 0.011111111111111112
12 0.23541666666666666 0.04722222222222222 0.007291666666666667 0.011111111111111112
12 0.275 0.03194444444444444 0.0125 0.012037037037037037
12 0.240625 0.022222222222222223 0.007291666666666667 0.011111111111111112
12 0.21276041666666667 0.022685185185185187 0.008854166666666666 0.010185185185185186
12 0.3140625 0.022222222222222223 0.013541666666666667 0.014814814814814815
12 0.17734375 0.0763888888888889 0.008854166666666666 0.012037037037037037
12 0.17526041666666667 0.06435185185185185 0.008854166666666666 0.006481481481481481
12 0.2484375 0.04814814814814815 0.005208333333333333 0.014814814814814815
12 0.06848958333333334 0.5356481481481481 0.03177083333333333 0.06018518518518518
7 0.6203125 0.6342592592592593 0.01875 0.020370370370370372