0 0.6731770833333334 0.638425925925926 0.13177083333333334 0.1398148148148148
1 0.8096354166666667 0.46574074074074073 0.030729166666666665 0.09259259259259259
1 0.034375 0.6055555555555555 0.05 0.2
0 0.40598958333333335 0.38425925925925924 0.033854166666666664 0.03148148148148148
0 0.9434895833333333 0.6569444444444444 0.0328125 0.025
0 0.68515625 0.04861111111111111 0.025520833333333333 0.030555555555555555
0 0.7658854166666667 0.12685185185185185 0.0171875 0.025925925925925925
0 0.7247395833333333 0.1587962962962963 0.0203125 0.019444444444444445
0 0.7614583333333333 0.3277777777777778 0.0125 0.014814814814814815
0 0.40963541666666664 0.2611111111111111 0.028645833333333332 0.024074074074074074
0 0.8986979166666667 0.7226851851851852 0.0140625 0.013888888888888888
0 0.1921875 0.3162037037037037 0.017708333333333333 0.023148148148148147
0 0.08020833333333334 0.9800925925925926 0.059375 0.03796296296296296