7 0.38984375 0.07824074074074074 0.0421875 0.06388888888888888
7 0.6572916666666667 0.7523148148148148 0.01875 0.01574074074074074
7 0.8411458333333334 0.9796296296296296 0.030208333333333334 0.03888888888888889
7 0.3177083333333333 0.9930555555555556 0.021875 0.012037037037037037
10 0.3580729166666667 0.9481481481481482 0.0359375 0.04814814814814815
1 0.08619791666666667 0.5962962962962963 0.03802083333333333 0.03518518518518519
1 0.3106770833333333 0.875462962962963 0.0234375 0.01574074074074074
1 0.07552083333333333 0.8046296296296296 0.01875 0.011111111111111112
8 0.3268229166666667 0.8824074074074074 0.0171875 0.012962962962962963
8 0.3572916666666667 0.9092592592592592 0.015625 0.012962962962962963
8 0.34921875 0.9111111111111111 0.016145833333333335 0.007407407407407408
8 0.35885416666666664 0.924537037037037 0.017708333333333333 0.010185185185185186
8 0.37838541666666664 0.9092592592592592 0.0203125 0.009259259259259259
8 0.44817708333333334 0.9013888888888889 0.013020833333333334 0.010185185185185186
11 0.37083333333333335 0.5064814814814815 0.051041666666666666 0.06111111111111111