1 0.49661458333333336 0.7486111111111111 0.025520833333333333 0.04351851851851852
1 0.5096354166666667 0.6185185185185185 0.0234375 0.018518518518518517
1 0.45338541666666665 0.8060185185185185 0.016145833333333335 0.012037037037037037
1 0.47317708333333336 0.8157407407407408 0.018229166666666668 0.024074074074074074
1 0.46328125 0.8726851851851852 0.025520833333333333 0.032407407407407406
1 0.44973958333333336 0.8722222222222222 0.0067708333333333336 0.03518518518518519
1 0.44609375 0.9032407407407408 0.015104166666666667 0.013888888888888888
1 0.54296875 0.8856481481481482 0.024479166666666666 0.017592592592592594
1 0.5395833333333333 0.8314814814814815 0.021875 0.027777777777777776
1 0.6015625 0.9611111111111111 0.025 0.046296296296296294
1 0.6497395833333334 0.8722222222222222 0.0203125 0.018518518518518517
10 0.5747395833333333 0.9291666666666667 0.030729166666666665 0.021296296296296296
1 0.7361979166666667 0.9805555555555555 0.022395833333333334 0.020370370370370372
1 0.6471354166666666 0.7296296296296296 0.018229166666666668 0.025925925925925925