0 0.18151041666666667 0.2375 0.06510416666666667 0.09537037037037037
0 0.016145833333333335 0.25046296296296294 0.020833333333333332 0.041666666666666664
0 0.029947916666666668 0.36574074074074076 0.059895833333333336 0.05
0 0.171875 0.5361111111111111 0.06666666666666667 0.09814814814814815
0 0.1140625 0.5805555555555556 0.022916666666666665 0.022222222222222223
0 0.33697916666666666 0.24537037037037038 0.022916666666666665 0.027777777777777776
0 0.275 0.40185185185185185 0.020833333333333332 0.022222222222222223
0 0.26328125 0.5236111111111111 0.016145833333333335 0.013888888888888888
0 0.70546875 0.7578703703703704 0.033854166666666664 0.025
0 0.6291666666666667 0.7532407407407408 0.01875 0.030555555555555555
0 0.7005208333333334 0.5648148148148148 0.027083333333333334 0.022222222222222223
0 0.7239583333333334 0.43425925925925923 0.03333333333333333 0.027777777777777776
0 0.83125 0.44074074074074077 0.03125 0.03148148148148148
0 0.8106770833333333 0.5013888888888889 0.0234375 0.023148148148148147
0 0.8190104166666666 0.587037037037037 0.022395833333333334 0.024074074074074074
0 0.7908854166666667 0.6509259259259259 0.0359375 0.03518518518518519
0 0.8109375 0.7078703703703704 0.021875 0.025
0 0.7885416666666667 0.7467592592592592 0.016666666666666666 0.017592592592592594
0 0.41458333333333336 0.9657407407407408 0.08541666666666667 0.06666666666666667
0 0.9291666666666667 0.525 0.023958333333333335 0.024074074074074074
0 0.9510416666666667 0.6351851851851852 0.034375 0.03333333333333333
0 0.9190104166666667 0.749537037037037 0.025520833333333333 0.021296296296296296
0 0.9677083333333333 0.7870370370370371 0.025 0.025925925925925925
0 0.72109375 0.8268518518518518 0.0140625 0.018518518518518517
0 0.8151041666666666 0.9541666666666667 0.021875 0.028703703703703703
0 0.9184895833333333 0.25972222222222224 0.0234375 0.01574074074074074
0 0.9260416666666667 0.2763888888888889 0.028125 0.023148148148148147