3 0.18541666666666667 0.31157407407407406 0.028125 0.05462962962962963
3 0.31588541666666664 0.5615740740740741 0.06927083333333334 0.07685185185185185
3 0.43046875 0.39814814814814814 0.0796875 0.08518518518518518
3 0.39609375 0.48009259259259257 0.0703125 0.06574074074074074
3 0.42473958333333334 0.5560185185185185 0.0890625 0.06574074074074074
3 0.45989583333333334 0.4726851851851852 0.078125 0.09907407407407408
3 0.4786458333333333 0.4185185185185185 0.04791666666666667 0.05555555555555555
0 0.9333333333333333 0.5652777777777778 0.028125 0.05277777777777778
0 0.17135416666666667 0.06574074074074074 0.014583333333333334 0.022222222222222223
0 0.07135416666666666 0.23657407407407408 0.016666666666666666 0.017592592592592594
0 0.0984375 0.3416666666666667 0.016666666666666666 0.012962962962962963
0 0.13619791666666667 0.7814814814814814 0.019270833333333334 0.027777777777777776