0 0.23411458333333332 0.9731481481481481 0.0390625 0.05185185185185185
0 0.19375 0.41898148148148145 0.016666666666666666 0.028703703703703703
0 0.30833333333333335 0.18703703703703703 0.013541666666666667 0.037037037037037035
0 0.6385416666666667 0.5597222222222222 0.020833333333333332 0.025
5 0.2986979166666667 0.7555555555555555 0.049479166666666664 0.05925925925925926
3 0.35104166666666664 0.2064814814814815 0.04583333333333333 0.06851851851851852
3 0.32708333333333334 0.3421296296296296 0.036458333333333336 0.05648148148148148
3 0.37578125 0.42916666666666664 0.0796875 0.06759259259259259
3 0.49296875 0.31342592592592594 0.0578125 0.0712962962962963
3 0.665625 0.18611111111111112 0.042708333333333334 0.11666666666666667
3 0.95390625 0.4564814814814815 0.09114583333333333 0.12407407407407407
3 0.5786458333333333 0.8069444444444445 0.08958333333333333 0.10462962962962963
3 0.5778645833333333 0.9462962962962963 0.10885416666666667 0.09074074074074075
3 0.5520833333333334 0.8782407407407408 0.041666666666666664 0.0712962962962963
3 0.5158854166666667 0.8819444444444444 0.0296875 0.06759259259259259
3 0.47369791666666666 0.7532407407407408 0.0328125 0.14537037037037037
3 0.4625 0.7462962962962963 0.096875 0.1111111111111111
3 0.3424479166666667 0.8379629629629629 0.09322916666666667 0.09074074074074075
3 0.3927083333333333 0.8018518518518518 0.03125 0.07037037037037037
3 0.40338541666666666 0.8671296296296296 0.059895833333333336 0.11203703703703703
3 0.44557291666666665 0.8967592592592593 0.018229166666666668 0.05277777777777778
3 0.2828125 0.8680555555555556 0.035416666666666666 0.0787037037037037
3 0.2557291666666667 0.8013888888888889 0.0375 0.06944444444444445
3 0.21927083333333333 0.7865740740740741 0.05 0.06944444444444445
3 0.24791666666666667 0.6527777777777778 0.11458333333333333 0.08888888888888889
3 0.18828125 0.6921296296296297 0.0984375 0.07685185185185185