5 0.5174479166666667 0.8092592592592592 0.0734375 0.07407407407407407
5 0.83359375 0.41898148148148145 0.0484375 0.07685185185185185
6 0.8979166666666667 0.4111111111111111 0.03125 0.08703703703703704
3 0.371875 0.40370370370370373 0.08541666666666667 0.07777777777777778
3 0.3815104166666667 0.5217592592592593 0.03697916666666667 0.10092592592592593
3 0.45416666666666666 0.5342592592592592 0.103125 0.12777777777777777
3 0.5455729166666666 0.6527777777777778 0.11197916666666667 0.0962962962962963
3 0.8239583333333333 0.7560185185185185 0.0875 0.08981481481481482
3 0.6763020833333333 0.6106481481481482 0.05364583333333333 0.08796296296296297
3 0.7158854166666667 0.6425925925925926 0.06822916666666666 0.09814814814814815
3 0.7018229166666666 0.5319444444444444 0.03697916666666667 0.08981481481481482
3 0.7671875 0.5509259259259259 0.06354166666666666 0.07592592592592592
2 0.7666666666666667 0.6476851851851851 0.06770833333333333 0.05648148148148148
2 0.9111979166666667 0.26666666666666666 0.1765625 0.13518518518518519
12 0.721875 0.4393518518518518 0.03333333333333333 0.07685185185185185
2 0.61015625 0.7671296296296296 0.14947916666666666 0.10648148148148148