5 0.94609375 0.8518518518518519 0.09010416666666667 0.07592592592592592
7 0.5546875 0.9782407407407407 0.053125 0.041666666666666664
5 0.19661458333333334 0.7236111111111111 0.019270833333333334 0.04351851851851852
5 0.23541666666666666 0.9458333333333333 0.042708333333333334 0.06018518518518518
5 0.3828125 0.9273148148148148 0.042708333333333334 0.049074074074074076
5 0.28411458333333334 0.7587962962962963 0.03177083333333333 0.10833333333333334
5 0.23619791666666667 0.6925925925925925 0.05260416666666667 0.06666666666666667
5 0.39869791666666665 0.6467592592592593 0.06510416666666667 0.05648148148148148
5 0.8299479166666667 0.4634259259259259 0.025520833333333333 0.04722222222222222
1 0.33619791666666665 0.7337962962962963 0.06822916666666666 0.03981481481481482
10 0.8078125 0.7162037037037037 0.03333333333333333 0.030555555555555555