0 0.5526041666666667 0.3990740740740741 0.12291666666666666 0.12962962962962962
0 0.5604166666666667 0.3125 0.09583333333333334 0.06388888888888888
0 0.86015625 0.6666666666666666 0.04114583333333333 0.08888888888888889
0 0.85859375 0.8013888888888889 0.03177083333333333 0.03981481481481482
0 0.7153645833333333 0.8189814814814815 0.016145833333333335 0.05462962962962963
0 0.38359375 0.8666666666666667 0.059895833333333336 0.11296296296296296
0 0.17526041666666667 0.375 0.03697916666666667 0.02962962962962963
0 0.41302083333333334 0.44074074074074077 0.029166666666666667 0.05185185185185185
0 0.23541666666666666 0.36203703703703705 0.028125 0.037037037037037035
0 0.10442708333333334 0.7078703703703704 0.018229166666666668 0.026851851851851852
0 0.08098958333333334 0.4722222222222222 0.0171875 0.02962962962962963
0 0.140625 0.38055555555555554 0.020833333333333332 0.022222222222222223
0 0.7263020833333333 0.4976851851851852 0.011979166666666667 0.013888888888888888
0 0.8875 0.44907407407407407 0.014583333333333334 0.020370370370370372
8 0.48671875 0.8666666666666667 0.028645833333333332 0.014814814814814815
8 0.5138020833333333 0.850462962962963 0.021354166666666667 0.019444444444444445
8 0.525 0.875462962962963 0.017708333333333333 0.017592592592592594
8 0.49921875 0.8842592592592593 0.0203125 0.012962962962962963
8 0.4466145833333333 0.8902777777777777 0.0203125 0.013888888888888888
8 0.43411458333333336 0.8416666666666667 0.028645833333333332 0.020370370370370372
8 0.43515625 0.8606481481481482 0.025520833333333333 0.019444444444444445