4 0.85703125 0.8814814814814815 0.0953125 0.0962962962962963
6 0.35651041666666666 0.8939814814814815 0.03177083333333333 0.08055555555555556
5 0.46041666666666664 0.8629629629629629 0.06302083333333333 0.046296296296296294
6 0.4513020833333333 0.8800925925925925 0.0296875 0.04537037037037037
6 0.45989583333333334 0.9152777777777777 0.0375 0.06018518518518518
5 0.5950520833333334 0.5796296296296296 0.0609375 0.08055555555555556
5 0.5734375 0.6912037037037037 0.071875 0.10833333333333334
5 0.5143229166666666 0.6925925925925925 0.07760416666666667 0.07777777777777778
5 0.4666666666666667 0.7138888888888889 0.051041666666666666 0.05925925925925926
6 0.9494791666666667 0.9101851851851852 0.04895833333333333 0.07777777777777778
6 0.9052083333333333 0.8689814814814815 0.025 0.05462962962962963
3 0.017708333333333333 0.7337962962962963 0.035416666666666666 0.062037037037037036
3 0.10234375 0.737037037037037 0.0703125 0.07222222222222222
3 0.21953125 0.6101851851851852 0.049479166666666664 0.09259259259259259
2 0.24921875 0.662962962962963 0.030729166666666665 0.07962962962962963
3 0.16484375 0.9365740740740741 0.0359375 0.10462962962962963
3 0.10260416666666666 0.9555555555555556 0.035416666666666666 0.08518518518518518
3 0.36875 0.799074074074074 0.065625 0.07407407407407407
3 0.48359375 0.7458333333333333 0.058854166666666666 0.06388888888888888
3 0.48854166666666665 0.812962962962963 0.071875 0.05925925925925926
3 0.4 0.9560185185185185 0.06145833333333333 0.08611111111111111
3 0.6854166666666667 0.6782407407407407 0.09270833333333334 0.07314814814814814
3 0.6315104166666666 0.7314814814814815 0.07239583333333334 0.10185185185185185
3 0.6520833333333333 0.8680555555555556 0.053125 0.06944444444444445
6 0.9755208333333333 0.7597222222222222 0.04791666666666667 0.0824074074074074
3 0.5041666666666667 0.3800925925925926 0.025 0.10277777777777777
3 0.5747395833333333 0.8587962962962963 0.1359375 0.22685185185185186
3 0.41640625 0.5796296296296296 0.29635416666666664 0.32407407407407407