0 0.32708333333333334 0.7518518518518519 0.07604166666666666 0.06666666666666667
0 0.5213541666666667 0.638425925925926 0.14166666666666666 0.18425925925925926
0 0.5768229166666666 0.7148148148148148 0.04010416666666667 0.09259259259259259
0 0.53515625 0.6990740740740741 0.0421875 0.046296296296296294
0 0.6010416666666667 0.7462962962962963 0.075 0.07777777777777778
0 0.6354166666666666 0.8314814814814815 0.058333333333333334 0.046296296296296294
0 0.8510416666666667 0.7782407407407408 0.04583333333333333 0.0787037037037037
0 0.82421875 0.7171296296296297 0.021354166666666667 0.023148148148148147
0 0.8520833333333333 0.9319444444444445 0.08958333333333333 0.1287037037037037
0 0.8393229166666667 0.8888888888888888 0.021354166666666667 0.02962962962962963
0 0.8723958333333334 0.9856481481481482 0.0375 0.026851851851851852
0 0.21197916666666666 0.8851851851851852 0.04479166666666667 0.037037037037037035
0 0.20598958333333334 0.9722222222222222 0.027604166666666666 0.025925925925925925