0 0.15182291666666667 0.2898148148148148 0.18072916666666666 0.13703703703703704
0 0.28020833333333334 0.30694444444444446 0.06041666666666667 0.062037037037037036
0 0.8002604166666667 0.7152777777777778 0.0140625 0.01574074074074074
0 0.8098958333333334 0.7291666666666666 0.010416666666666666 0.01574074074074074
0 0.7682291666666666 0.6763888888888889 0.010416666666666666 0.012037037037037037
0 0.78828125 0.6111111111111112 0.0067708333333333336 0.018518518518518517
0 0.8091145833333333 0.4550925925925926 0.013020833333333334 0.012037037037037037
11 0.49140625 0.46620370370370373 0.0921875 0.10833333333333334
11 0.5294270833333333 0.3699074074074074 0.019270833333333334 0.07314814814814814
1 0.42578125 0.9467592592592593 0.05260416666666667 0.03981481481481482
1 0.34140625 0.9703703703703703 0.03802083333333333 0.037037037037037035
1 0.4005208333333333 0.9657407407407408 0.027083333333333334 0.014814814814814815
1 0.4557291666666667 0.9699074074074074 0.03125 0.019444444444444445
1 0.6598958333333333 0.9611111111111111 0.022916666666666665 0.020370370370370372
1 0.56171875 0.924074074074074 0.024479166666666666 0.012962962962962963
1 0.25338541666666664 0.9120370370370371 0.0171875 0.024074074074074074
1 0.46380208333333334 0.9189814814814815 0.021354166666666667 0.013888888888888888
7 0.8799479166666667 0.9828703703703704 0.033854166666666664 0.032407407407407406