0 0.5260416666666666 0.787962962962963 0.07916666666666666 0.05925925925925926
0 0.17994791666666668 0.7606481481481482 0.0203125 0.019444444444444445
0 0.5760416666666667 0.9453703703703704 0.06458333333333334 0.05925925925925926
0 0.6953125 0.9069444444444444 0.035416666666666666 0.032407407407407406
5 0.8130208333333333 0.6365740740740741 0.022916666666666665 0.09537037037037037
5 0.7005208333333334 0.2310185185185185 0.04583333333333333 0.08981481481481482
5 0.56328125 0.1787037037037037 0.06927083333333334 0.06481481481481481
5 0.6328125 0.23796296296296296 0.07083333333333333 0.07222222222222222
5 0.6231770833333333 0.43472222222222223 0.03697916666666667 0.05648148148148148
5 0.6361979166666667 0.3921296296296296 0.0390625 0.06388888888888888
5 0.5541666666666667 0.32731481481481484 0.07291666666666667 0.06574074074074074