10 0.46796875 0.7731481481481481 0.0359375 0.02962962962962963
5 0.209375 0.5268518518518519 0.046875 0.046296296296296294
5 0.24661458333333333 0.44907407407407407 0.04791666666666667 0.05555555555555555
5 0.3302083333333333 0.38657407407407407 0.042708333333333334 0.03981481481481482
5 0.27708333333333335 0.31805555555555554 0.028125 0.04537037037037037
5 0.32526041666666666 0.31574074074074077 0.03177083333333333 0.046296296296296294
5 0.29791666666666666 0.2898148148148148 0.022916666666666665 0.06481481481481481
5 0.31354166666666666 0.22777777777777777 0.05 0.046296296296296294
5 0.34713541666666664 0.2101851851851852 0.03802083333333333 0.04814814814814815
5 0.5755208333333334 0.20092592592592592 0.059375 0.07037037037037037
5 0.37786458333333334 0.3439814814814815 0.030729166666666665 0.058333333333333334
4 0.3255208333333333 0.4263888888888889 0.035416666666666666 0.04351851851851852
0 0.66484375 0.5333333333333333 0.0203125 0.020370370370370372
0 0.7466145833333333 0.4930555555555556 0.0203125 0.013888888888888888
7 0.9151041666666667 0.8064814814814815 0.021875 0.022222222222222223
0 0.8169270833333333 0.3907407407407407 0.015104166666666667 0.018518518518518517