0 0.4401041666666667 0.5050925925925925 0.051041666666666666 0.030555555555555555
0 0.04583333333333333 0.7486111111111111 0.053125 0.04537037037037037
0 0.5075520833333333 0.24583333333333332 0.03177083333333333 0.09351851851851851
0 0.6234375 0.1 0.053125 0.06111111111111111
0 0.5880208333333333 0.48333333333333334 0.03333333333333333 0.027777777777777776
0 0.24921875 0.7324074074074074 0.0203125 0.022222222222222223
0 0.21640625 0.9324074074074075 0.025520833333333333 0.020370370370370372
0 0.9421875 0.16203703703703703 0.016666666666666666 0.025925925925925925
0 0.7619791666666667 0.1398148148148148 0.016666666666666666 0.018518518518518517
0 0.7674479166666667 0.29398148148148145 0.0203125 0.019444444444444445
0 0.7755208333333333 0.5694444444444444 0.020833333333333332 0.03333333333333333
0 0.76171875 0.6453703703703704 0.016145833333333335 0.018518518518518517
0 0.8783854166666667 0.9060185185185186 0.0234375 0.04722222222222222
2 0.37395833333333334 0.30972222222222223 0.11458333333333333 0.16018518518518518
2 0.07057291666666667 0.2212962962962963 0.08385416666666666 0.06296296296296296
2 0.14010416666666667 0.3388888888888889 0.05520833333333333 0.06851851851851852
5 0.33229166666666665 0.39675925925925926 0.053125 0.11574074074074074
0 0.4583333333333333 0.9907407407407407 0.022916666666666665 0.016666666666666666