1 0.03567708333333333 0.8777777777777778 0.043229166666666666 0.025925925925925925
10 0.29739583333333336 0.9425925925925925 0.040625 0.027777777777777776
11 0.3028645833333333 0.7893518518518519 0.07760416666666667 0.09166666666666666
11 0.3528645833333333 0.8453703703703703 0.05364583333333333 0.0962962962962963
11 0.40703125 0.8212962962962963 0.0609375 0.06666666666666667
11 0.35182291666666665 0.7615740740740741 0.08072916666666667 0.05277777777777778
11 0.2591145833333333 0.6509259259259259 0.05364583333333333 0.06481481481481481
6 0.26640625 0.7064814814814815 0.025520833333333333 0.040740740740740744
10 0.7302083333333333 0.8819444444444444 0.023958333333333335 0.032407407407407406
1 0.58125 0.9277777777777778 0.021875 0.03148148148148148
8 0.5971354166666667 0.9930555555555556 0.016145833333333335 0.010185185185185186
8 0.6033854166666667 0.9893518518518518 0.0109375 0.019444444444444445
8 0.64375 0.9925925925925926 0.016666666666666666 0.012962962962962963
8 0.6671875 0.9944444444444445 0.011458333333333333 0.009259259259259259
8 0.66171875 0.9921296296296296 0.005729166666666666 0.012037037037037037
0 0.7658854166666667 0.725 0.0109375 0.020370370370370372
0 0.7669270833333334 0.6916666666666667 0.0109375 0.014814814814814815
0 0.76328125 0.6722222222222223 0.0067708333333333336 0.011111111111111112
0 0.4197916666666667 0.9777777777777777 0.06875 0.04259259259259259