10 0.6682291666666667 0.7337962962962963 0.03125 0.041666666666666664
1 0.7059895833333333 0.950925925925926 0.03697916666666667 0.027777777777777776
1 0.6786458333333333 0.9453703703703704 0.017708333333333333 0.03518518518518519
1 0.4705729166666667 0.9652777777777778 0.025520833333333333 0.012037037037037037
7 0.6572916666666667 0.9324074074074075 0.016666666666666666 0.024074074074074074
1 0.171875 0.8342592592592593 0.022916666666666665 0.03518518518518519
1 0.13880208333333333 0.7277777777777777 0.016145833333333335 0.012962962962962963
1 0.1796875 0.7152777777777778 0.009375 0.021296296296296296
1 0.18229166666666666 0.687037037037037 0.011458333333333333 0.011111111111111112
0 0.18255208333333334 0.5148148148148148 0.015104166666666667 0.044444444444444446
0 0.35963541666666665 0.5995370370370371 0.058854166666666666 0.11574074074074074
0 0.471875 0.3226851851851852 0.041666666666666664 0.06018518518518518
0 0.7916666666666666 0.6546296296296297 0.0125 0.012962962962962963
0 0.8390625 0.2361111111111111 0.013541666666666667 0.012962962962962963
3 0.5302083333333333 0.3726851851851852 0.08229166666666667 0.075
3 0.5463541666666667 0.6050925925925926 0.016666666666666666 0.062037037037037036
3 0.4796875 0.5555555555555556 0.09270833333333334 0.07592592592592592
3 0.32578125 0.1912037037037037 0.049479166666666664 0.07314814814814814
3 0.24583333333333332 0.0962962962962963 0.05520833333333333 0.07777777777777778
0 0.023177083333333334 0.2273148148148148 0.04635416666666667 0.18425925925925926
10 0.846875 0.7175925925925926 0.026041666666666668 0.020370370370370372
5 0.31796875 0.8930555555555556 0.050520833333333334 0.058333333333333334