3 0.33932291666666664 0.1837962962962963 0.05572916666666667 0.09537037037037037
3 0.13203125 0.4587962962962963 0.0578125 0.06018518518518518
3 0.21119791666666668 0.35 0.06510416666666667 0.06481481481481481
3 0.18515625 0.36898148148148147 0.025520833333333333 0.03796296296296296
3 0.17864583333333334 0.5574074074074075 0.03229166666666667 0.04814814814814815
3 0.32864583333333336 0.3050925925925926 0.06145833333333333 0.09537037037037037
3 0.40859375 0.30324074074074076 0.0828125 0.075
3 0.49140625 0.3453703703703704 0.09427083333333333 0.06851851851851852
3 0.44166666666666665 0.5013888888888889 0.08333333333333333 0.06759259259259259
3 0.3807291666666667 0.46944444444444444 0.071875 0.09074074074074075
3 0.32526041666666666 0.44814814814814813 0.08697916666666666 0.09444444444444444
3 0.44166666666666665 0.5375 0.06458333333333334 0.030555555555555555
3 0.2911458333333333 0.45601851851851855 0.026041666666666668 0.058333333333333334
3 0.32447916666666665 0.662962962962963 0.035416666666666666 0.05555555555555555
3 0.26875 0.7226851851851852 0.029166666666666667 0.06944444444444445
3 0.24583333333333332 0.6851851851851852 0.03854166666666667 0.07037037037037037
3 0.20520833333333333 0.7296296296296296 0.042708333333333334 0.08888888888888889
3 0.725 0.4476851851851852 0.03125 0.06388888888888888
5 0.24661458333333333 0.6101851851851852 0.0265625 0.05
5 0.18098958333333334 0.5018518518518519 0.03177083333333333 0.07592592592592592
12 0.49921875 0.25416666666666665 0.03697916666666667 0.05648148148148148