8 0.5921875 0.825925925925926 0.026041666666666668 0.022222222222222223
8 0.6166666666666667 0.8087962962962963 0.021875 0.019444444444444445
8 0.61484375 0.8449074074074074 0.022395833333333334 0.012037037037037037
8 0.53046875 0.7800925925925926 0.0234375 0.017592592592592594
8 0.5520833333333334 0.7953703703703704 0.017708333333333333 0.012962962962962963
8 0.496875 0.8550925925925926 0.023958333333333335 0.010185185185185186
8 0.4984375 0.8634259259259259 0.03229166666666667 0.012037037037037037
8 0.5338541666666666 0.8513888888888889 0.020833333333333332 0.013888888888888888
8 0.5283854166666667 0.8125 0.0203125 0.017592592592592594
8 0.5208333333333334 0.825925925925926 0.020833333333333332 0.016666666666666666
8 0.55 0.8263888888888888 0.023958333333333335 0.010185185185185186
8 0.55 0.8421296296296297 0.01875 0.010185185185185186
8 0.4981770833333333 0.887962962962963 0.019270833333333334 0.012962962962962963
7 0.49557291666666664 0.47314814814814815 0.018229166666666668 0.03518518518518519
0 0.7158854166666667 0.6888888888888889 0.016145833333333335 0.02962962962962963
0 0.7434895833333334 0.5726851851851852 0.008854166666666666 0.021296296296296296
0 0.74921875 0.586574074074074 0.013020833333333334 0.01574074074074074
0 0.7265625 0.5217592592592593 0.010416666666666666 0.021296296296296296
0 0.15052083333333333 0.6300925925925925 0.028125 0.03796296296296296
0 0.10833333333333334 0.5875 0.020833333333333332 0.03611111111111111
0 0.03515625 0.8300925925925926 0.050520833333333334 0.04722222222222222
0 0.16536458333333334 0.4791666666666667 0.015104166666666667 0.028703703703703703
0 0.9359375 0.8101851851851852 0.036458333333333336 0.03333333333333333
7 0.9828125 0.9310185185185185 0.03333333333333333 0.049074074074074076
7 0.9666666666666667 0.9652777777777778 0.04375 0.03981481481481482
0 0.9734375 0.3541666666666667 0.015625 0.03796296296296296
0 0.87734375 0.13055555555555556 0.0203125 0.03333333333333333