3 0.31927083333333334 0.29907407407407405 0.03958333333333333 0.06666666666666667
3 0.37161458333333336 0.25972222222222224 0.06197916666666667 0.09722222222222222
3 0.43671875 0.274537037037037 0.1015625 0.08611111111111111
3 0.721875 0.19074074074074074 0.06666666666666667 0.08148148148148149
3 0.8197916666666667 0.23657407407407408 0.07708333333333334 0.07685185185185185
3 0.6893229166666667 0.2847222222222222 0.10572916666666667 0.08611111111111111
3 0.7395833333333334 0.3662037037037037 0.046875 0.05462962962962963
3 0.7119791666666667 0.45601851851851855 0.08645833333333333 0.08611111111111111
5 0.47369791666666666 0.4152777777777778 0.050520833333333334 0.06944444444444445
1 0.3234375 0.8481481481481481 0.08541666666666667 0.046296296296296294
0 0.4127604166666667 0.8222222222222222 0.027604166666666666 0.04814814814814815
0 0.13671875 0.9699074074074074 0.03177083333333333 0.058333333333333334
7 0.17369791666666667 0.9879629629629629 0.04635416666666667 0.022222222222222223
12 0.5018229166666667 0.8384259259259259 0.049479166666666664 0.041666666666666664
11 0.796875 0.8481481481481481 0.06875 0.06851851851851852
0 0.2747395833333333 0.6305555555555555 0.025520833333333333 0.022222222222222223
0 0.2872395833333333 0.6722222222222223 0.021354166666666667 0.016666666666666666
0 0.47682291666666665 0.7185185185185186 0.022395833333333334 0.020370370370370372
0 0.25364583333333335 0.762962962962963 0.016666666666666666 0.04259259259259259