0 0.8432291666666667 0.8587962962962963 0.059375 0.04351851851851852
0 0.16328125 0.6314814814814815 0.024479166666666666 0.04259259259259259
0 0.8190104166666666 0.7277777777777777 0.011979166666666667 0.020370370370370372
0 0.9322916666666666 0.5763888888888888 0.01875 0.019444444444444445
5 0.75546875 0.4115740740740741 0.021354166666666667 0.049074074074074076
5 0.7635416666666667 0.35185185185185186 0.03333333333333333 0.03888888888888889
5 0.7848958333333333 0.337037037037037 0.026041666666666668 0.07592592592592592
5 0.8111979166666666 0.35555555555555557 0.022395833333333334 0.05555555555555555
5 0.8005208333333333 0.21574074074074073 0.052083333333333336 0.03888888888888889
5 0.8375 0.23564814814814813 0.029166666666666667 0.06018518518518518
5 0.80234375 0.2898148148148148 0.033854166666666664 0.05
5 0.7520833333333333 0.23703703703703705 0.021875 0.07777777777777778
5 0.72109375 0.26342592592592595 0.027604166666666666 0.058333333333333334
5 0.715625 0.11944444444444445 0.035416666666666666 0.040740740740740744
5 0.7307291666666667 0.11898148148148148 0.04583333333333333 0.06018518518518518
5 0.7341145833333333 0.17083333333333334 0.027604166666666666 0.04351851851851852